gene_name	Frame_Shift_Del	Frame_Shift_Ins	In_Frame_Del	In_Frame_Ins	Missense_Mutation	Nonsense_Mutation	Nonstop_Mutation	Splice_Site	Translation_Start_Site	total	MutatedSamples	AlteredSamples
TP53	4	0	0	0	12	1	0	0	0	17	14	14
TTN	0	0	0	0	29	4	0	0	0	33	12	12
MUC16	0	0	0	0	15	0	0	0	0	15	10	10
EYS	0	0	0	0	6	2	0	0	0	8	8	8
GRM3	0	0	0	0	9	0	0	0	0	9	7	7
CUBN	0	0	0	0	7	0	0	0	0	7	7	7
PLCL1	0	0	0	0	7	0	0	0	0	7	7	7
CCDC168	0	0	0	0	7	3	0	0	0	10	6	6
SPTA1	0	0	0	0	8	0	0	0	0	8	6	6
MAGEC1	0	0	0	0	3	3	0	0	0	6	6	6
MYH13	0	0	0	0	6	0	0	0	0	6	6	6
RELN	0	0	0	0	6	0	0	0	0	6	6	6
ROBO4	3	0	0	0	3	0	0	0	0	6	6	6
SI	0	0	0	0	6	0	0	0	0	6	6	6
TMEM132C	0	0	0	0	4	2	0	0	0	6	6	6
GRM1	0	0	0	0	7	0	0	0	0	7	5	5
SORCS1	0	0	0	0	7	0	0	0	0	7	5	5
DPP6	0	0	0	0	5	1	0	0	0	6	5	5
MDN1	0	0	0	0	6	0	0	0	0	6	5	5
ACHE	0	0	0	0	5	0	0	0	0	5	5	5
ADGRB1	0	0	0	0	5	0	0	0	0	5	5	5
ALMS1	0	0	0	0	2	3	0	0	0	5	5	5
COL6A3	0	0	0	0	5	0	0	0	0	5	5	5
FAT2	0	0	0	0	5	0	0	0	0	5	5	5
FCRL2	0	0	0	0	5	0	0	0	0	5	5	5
FCRL5	0	0	0	0	5	0	0	0	0	5	5	5
FRS3	0	0	0	0	5	0	0	0	0	5	5	5
FSCB	0	0	0	0	5	0	0	0	0	5	5	5
KCNK12	0	0	0	0	5	0	0	0	0	5	5	5
KL	0	0	0	0	5	0	0	0	0	5	5	5
MCM4	0	0	0	0	2	3	0	0	0	5	5	5
MUC17	0	0	0	0	5	0	0	0	0	5	5	5
OR5D13	0	0	0	0	5	0	0	0	0	5	5	5
PKHD1L1	0	0	0	0	5	0	0	0	0	5	5	5
PLXNC1	0	0	0	0	5	0	0	0	0	5	5	5
SCN11A	0	0	0	0	5	0	0	0	0	5	5	5
SEMA6D	0	0	0	0	5	0	0	0	0	5	5	5
STAB2	0	0	0	0	5	0	0	0	0	5	5	5
TBX5	0	0	0	0	5	0	0	0	0	5	5	5
TNFRSF13B	0	0	0	0	5	0	0	0	0	5	5	5
TNR	0	0	0	0	3	2	0	0	0	5	5	5
USH2A	0	0	0	0	5	0	0	0	0	5	5	5
ZIC1	0	0	0	0	4	1	0	0	0	5	5	5
ZNF845	3	0	0	0	2	0	0	0	0	5	5	5
CSMD3	0	0	0	0	6	1	0	0	0	7	4	4
FRAS1	0	0	0	0	6	0	0	0	0	6	4	4
ADGRL3	0	0	0	0	5	0	0	0	0	5	4	4
CACNA1C	0	0	0	0	3	2	0	0	0	5	4	4
CACNA1H	0	0	0	0	5	0	0	0	0	5	4	4
ADGRB3	0	0	0	0	4	0	0	0	0	4	4	4
ARMCX5-GPRASP2	0	0	0	0	2	2	0	0	0	4	4	4
ASB16	0	0	0	0	4	0	0	0	0	4	4	4
ASB2	0	0	0	0	4	0	0	0	0	4	4	4
BRINP1	0	0	0	0	3	1	0	0	0	4	4	4
CARMIL2	0	0	0	0	4	0	0	0	0	4	4	4
CRB1	0	0	0	0	4	0	0	0	0	4	4	4
CUX2	3	0	0	0	1	0	0	0	0	4	4	4
ELP2	0	0	0	0	4	0	0	0	0	4	4	4
FBXL17	0	0	1	0	3	0	0	0	0	4	4	4
FHOD3	0	0	0	0	4	0	0	0	0	4	4	4
FOXG1	0	0	0	0	4	0	0	0	0	4	4	4
FZD9	3	0	0	0	1	0	0	0	0	4	4	4
IARS2	0	0	0	0	4	0	0	0	0	4	4	4
IFNAR2	0	0	0	0	1	3	0	0	0	4	4	4
LRWD1	0	0	0	0	4	0	0	0	0	4	4	4
NRXN1	0	0	0	0	4	0	0	0	0	4	4	4
OR2A7	0	0	0	0	4	0	0	0	0	4	4	4
OR5D16	1	0	0	0	3	0	0	0	0	4	4	4
PCDHB8	0	0	0	0	4	0	0	0	0	4	4	4
PDZRN3	0	0	0	0	4	0	0	0	0	4	4	4
PTPRU	0	0	0	0	4	0	0	0	0	4	4	4
RBM19	0	0	0	0	2	2	0	0	0	4	4	4
SERPINA6	0	0	0	0	4	0	0	0	0	4	4	4
SFI1	0	0	0	0	4	0	0	0	0	4	4	4
SGSM1	0	0	0	0	4	0	0	0	0	4	4	4
SLITRK3	0	0	0	0	4	0	0	0	0	4	4	4
SPOCK1	0	0	0	0	4	0	0	0	0	4	4	4
SREBF2	0	0	1	0	3	0	0	0	0	4	4	4
SSC5D	0	0	0	0	4	0	0	0	0	4	4	4
SYNE1	0	0	0	0	4	0	0	0	0	4	4	4
TRIM5	0	0	0	0	4	0	0	0	0	4	4	4
TRIOBP	0	0	0	0	1	3	0	0	0	4	4	4
ULK2	3	0	0	0	1	0	0	0	0	4	4	4
UNC13B	0	0	0	0	4	0	0	0	0	4	4	4
UNC80	0	0	0	0	4	0	0	0	0	4	4	4
XYLT1	0	0	0	0	4	0	0	0	0	4	4	4
ZC3H4	0	0	1	0	3	0	0	0	0	4	4	4
ZNF292	0	0	0	0	1	3	0	0	0	4	4	4
GREB1L	0	0	0	0	7	0	0	0	0	7	3	3
LRFN2	0	0	0	0	6	0	0	0	0	6	3	3
OR5D14	0	0	0	0	6	0	0	0	0	6	3	3
ROBO1	0	0	0	0	6	0	0	0	0	6	3	3
SEMA3E	0	0	0	0	6	0	0	0	0	6	3	3
ADGRG4	0	0	0	0	5	0	0	0	0	5	3	3
CNTNAP4	0	0	0	0	5	0	0	0	0	5	3	3
FNDC1	2	0	0	0	0	3	0	0	0	5	3	3
OTOF	0	0	0	0	5	0	0	0	0	5	3	3
ZNF407	0	0	0	0	3	2	0	0	0	5	3	3
CSMD1	0	0	0	0	4	0	0	0	0	4	3	3
DMD	0	0	0	0	4	0	0	0	0	4	3	3
DNAH3	0	0	0	0	4	0	0	0	0	4	3	3
DYNC1H1	1	0	0	0	3	0	0	0	0	4	3	3
HEATR3	0	0	0	0	4	0	0	0	0	4	3	3
JMJD1C	0	1	0	0	3	0	0	0	0	4	3	3
KMT2A	0	0	0	0	4	0	0	0	0	4	3	3
MUC4	0	0	1	0	3	0	0	0	0	4	3	3
NLRP13	0	0	0	0	4	0	0	0	0	4	3	3
NR1H4	0	0	0	0	4	0	0	0	0	4	3	3
PRDM9	0	0	0	0	4	0	0	0	0	4	3	3
PTPN3	0	0	0	0	1	3	0	0	0	4	3	3
RYR2	0	0	0	0	3	1	0	0	0	4	3	3
SLC12A9	0	0	0	0	3	1	0	0	0	4	3	3
TRPM5	0	0	0	0	4	0	0	0	0	4	3	3
AAK1	0	0	0	0	3	0	0	0	0	3	3	3
ABCA3	3	0	0	0	0	0	0	0	0	3	3	3
ABCA4	0	0	0	0	2	1	0	0	0	3	3	3
ADAM22	0	0	0	0	3	0	0	0	0	3	3	3
ADAMDEC1	0	0	0	0	3	0	0	0	0	3	3	3
ADAMTS6	0	0	0	0	3	0	0	0	0	3	3	3
ADCY7	0	0	0	0	3	0	0	0	0	3	3	3
ADD2	0	0	0	0	3	0	0	0	0	3	3	3
AEBP1	0	0	0	0	3	0	0	0	0	3	3	3
AFAP1L1	0	0	0	0	3	0	0	0	0	3	3	3
AMBN	0	0	0	0	3	0	0	0	0	3	3	3
AMD1	0	0	0	0	3	0	0	0	0	3	3	3
AMER1	0	0	0	0	3	0	0	0	0	3	3	3
ANK3	0	1	0	0	0	2	0	0	0	3	3	3
ANKEF1	0	0	0	0	3	0	0	0	0	3	3	3
ANKRD26	0	0	0	0	3	0	0	0	0	3	3	3
ANKRD30A	0	0	0	0	3	0	0	0	0	3	3	3
ANKRD44	0	0	0	0	3	0	0	0	0	3	3	3
ANKS1B	0	0	0	0	3	0	0	0	0	3	3	3
ANXA13	0	0	0	0	3	0	0	0	0	3	3	3
APOBEC3F	0	0	0	0	3	0	0	0	0	3	3	3
APOH	0	0	0	0	3	0	0	0	0	3	3	3
ARHGAP28	0	0	0	0	3	0	0	0	0	3	3	3
ARHGEF2	0	0	0	0	3	0	0	0	0	3	3	3
ARHGEF9	0	0	0	0	3	0	0	0	0	3	3	3
ARID1A	0	0	0	0	0	3	0	0	0	3	3	3
ASH1L	0	0	0	0	3	0	0	0	0	3	3	3
ASIC2	0	0	0	0	3	0	0	0	0	3	3	3
ASXL3	0	0	0	0	3	0	0	0	0	3	3	3
ATP10B	0	0	0	0	1	2	0	0	0	3	3	3
B3GALT1	0	0	0	0	3	0	0	0	0	3	3	3
BCL11B	0	0	0	0	3	0	0	0	0	3	3	3
BDH1	0	0	0	0	3	0	0	0	0	3	3	3
BRINP2	0	0	0	0	3	0	0	0	0	3	3	3
C7	0	0	0	0	2	1	0	0	0	3	3	3
CACNB2	0	0	0	0	3	0	0	0	0	3	3	3
CADM2	0	0	0	0	3	0	0	0	0	3	3	3
CADM3	0	0	0	0	0	3	0	0	0	3	3	3
CAPN15	0	3	0	0	0	0	0	0	0	3	3	3
CAPZA3	0	0	0	0	3	0	0	0	0	3	3	3
CASR	0	0	0	0	3	0	0	0	0	3	3	3
CATSPER1	0	0	0	0	3	0	0	0	0	3	3	3
CCDC93	0	3	0	0	0	0	0	0	0	3	3	3
CD300LB	0	0	0	0	3	0	0	0	0	3	3	3
CDH9	0	0	0	0	3	0	0	0	0	3	3	3
CEBPD	0	0	0	0	3	0	0	0	0	3	3	3
CELSR1	0	0	0	0	3	0	0	0	0	3	3	3
CENPE	0	0	0	0	3	0	0	0	0	3	3	3
CERS4	0	0	0	0	3	0	0	0	0	3	3	3
CHD9	0	0	0	0	3	0	0	0	0	3	3	3
CHRNA7	0	0	0	0	3	0	0	0	0	3	3	3
CIB2	0	0	0	0	3	0	0	0	0	3	3	3
CILP2	0	0	0	0	3	0	0	0	0	3	3	3
CLEC1B	0	0	0	0	3	0	0	0	0	3	3	3
CLK1	0	0	0	0	3	0	0	0	0	3	3	3
COL11A1	0	0	0	0	3	0	0	0	0	3	3	3
COL28A1	0	0	0	0	0	3	0	0	0	3	3	3
COL4A2	0	0	0	0	3	0	0	0	0	3	3	3
COL5A2	0	0	0	0	3	0	0	0	0	3	3	3
CR1L	0	0	0	0	3	0	0	0	0	3	3	3
CSPG5	0	0	0	0	3	0	0	0	0	3	3	3
CTNND2	0	0	0	0	2	1	0	0	0	3	3	3
CWF19L2	0	0	0	0	3	0	0	0	0	3	3	3
CYP2E1	0	0	0	0	0	3	0	0	0	3	3	3
DCC	0	0	0	0	3	0	0	0	0	3	3	3
DCHS1	0	0	0	0	1	2	0	0	0	3	3	3
DDX60L	0	0	0	0	3	0	0	0	0	3	3	3
DIPK1C	0	0	0	0	3	0	0	0	0	3	3	3
DLC1	0	0	0	0	3	0	0	0	0	3	3	3
DNAH5	0	0	0	0	3	0	0	0	0	3	3	3
DNAJC21	0	0	0	0	3	0	0	0	0	3	3	3
DNER	0	0	0	0	3	0	0	0	0	3	3	3
DPYSL3	0	1	0	0	2	0	0	0	0	3	3	3
DSTYK	0	0	0	0	3	0	0	0	0	3	3	3
ECPAS	0	0	0	0	3	0	0	0	0	3	3	3
EIF4ENIF1	0	0	0	0	3	0	0	0	0	3	3	3
EMILIN1	0	0	0	0	3	0	0	0	0	3	3	3
FAM135B	0	0	0	0	3	0	0	0	0	3	3	3
FAM98B	0	0	0	0	3	0	0	0	0	3	3	3
FBN1	0	0	0	0	3	0	0	0	0	3	3	3
FBXL20	0	0	0	0	3	0	0	0	0	3	3	3
FBXO10	0	0	0	0	3	0	0	0	0	3	3	3
FGF14	0	0	0	0	3	0	0	0	0	3	3	3
FLG	0	0	0	0	3	0	0	0	0	3	3	3
FMOD	0	0	0	0	3	0	0	0	0	3	3	3
FOXD3	0	0	0	0	3	0	0	0	0	3	3	3
FOXL1	0	0	0	0	3	0	0	0	0	3	3	3
FOXP1	0	0	0	0	3	0	0	0	0	3	3	3
FUT3	0	0	0	0	3	0	0	0	0	3	3	3
GANAB	0	0	0	0	3	0	0	0	0	3	3	3
GATA2	0	0	0	0	3	0	0	0	0	3	3	3
GGA2	3	0	0	0	0	0	0	0	0	3	3	3
GGT5	3	0	0	0	0	0	0	0	0	3	3	3
GMNC	3	0	0	0	0	0	0	0	0	3	3	3
GPR141	0	2	0	0	1	0	0	0	0	3	3	3
GSTM4	0	0	0	0	3	0	0	0	0	3	3	3
HAUS4	0	0	0	0	3	0	0	0	0	3	3	3
HCN1	0	0	0	0	3	0	0	0	0	3	3	3
HDAC4	0	0	0	0	3	0	0	0	0	3	3	3
HNRNPAB	0	0	0	0	3	0	0	0	0	3	3	3
HOXD3	0	0	0	0	3	0	0	0	0	3	3	3
HYOU1	0	0	0	0	3	0	0	0	0	3	3	3
INO80D	0	0	0	0	3	0	0	0	0	3	3	3
INPP4B	0	0	0	0	3	0	0	0	0	3	3	3
INTS3	0	0	0	0	3	0	0	0	0	3	3	3
IRX1	0	0	0	0	3	0	0	0	0	3	3	3
JAK2	0	0	0	0	3	0	0	0	0	3	3	3
KALRN	0	0	0	0	3	0	0	0	0	3	3	3
KCNH7	0	0	0	0	3	0	0	0	0	3	3	3
KIAA0586	0	0	0	0	3	0	0	0	0	3	3	3
KIF1A	0	0	0	0	3	0	0	0	0	3	3	3
KIF2B	0	0	0	0	3	0	0	0	0	3	3	3
KIF4B	0	0	0	0	3	0	0	0	0	3	3	3
KMT2D	0	1	0	0	2	0	0	0	0	3	3	3
KPNA7	0	0	0	0	3	0	0	0	0	3	3	3
LAMB1	0	0	0	0	3	0	0	0	0	3	3	3
LBX2	0	0	0	0	3	0	0	0	0	3	3	3
LENG9	0	0	0	0	3	0	0	0	0	3	3	3
LGALS4	0	0	0	0	3	0	0	0	0	3	3	3
LGALS8	0	0	0	0	3	0	0	0	0	3	3	3
LRP1B	0	0	0	0	3	0	0	0	0	3	3	3
LRRC57	0	0	0	0	3	0	0	0	0	3	3	3
LRRTM3	0	0	0	0	3	0	0	0	0	3	3	3
MAEL	2	0	0	0	1	0	0	0	0	3	3	3
MAGEB10	0	0	0	0	3	0	0	0	0	3	3	3
MALRD1	0	0	0	0	3	0	0	0	0	3	3	3
MAP2	0	0	0	0	3	0	0	0	0	3	3	3
MARCHF6	0	0	0	0	3	0	0	0	0	3	3	3
MATN4	0	0	0	0	3	0	0	0	0	3	3	3
MBNL3	0	0	0	0	3	0	0	0	0	3	3	3
MDGA2	0	0	0	0	3	0	0	0	0	3	3	3
MFSD2A	0	0	0	0	3	0	0	0	0	3	3	3
MGAM2	0	0	0	0	3	0	0	0	0	3	3	3
MIP	0	0	0	0	0	0	3	0	0	3	3	3
MKI67	0	0	0	0	3	0	0	0	0	3	3	3
MMS22L	3	0	0	0	0	0	0	0	0	3	3	3
MNS1	0	0	0	0	3	0	0	0	0	3	3	3
MOG	0	0	0	0	3	0	0	0	0	3	3	3
MRAP2	0	0	0	0	3	0	0	0	0	3	3	3
MROH9	0	0	0	0	3	0	0	0	0	3	3	3
MUC12	0	0	0	0	3	0	0	0	0	3	3	3
MYH8	0	0	0	0	0	3	0	0	0	3	3	3
MYO7B	0	0	0	0	3	0	0	0	0	3	3	3
NAV3	0	0	0	0	3	0	0	0	0	3	3	3
NCOA6	0	0	0	0	3	0	0	0	0	3	3	3
NEU4	0	0	0	0	3	0	0	0	0	3	3	3
NFASC	0	0	0	0	3	0	0	0	0	3	3	3
NLGN1	0	0	0	0	3	0	0	0	0	3	3	3
NOTCH1	0	0	0	0	2	1	0	0	0	3	3	3
NPEPPS	0	0	0	0	3	0	0	0	0	3	3	3
NSF	0	0	0	0	2	1	0	0	0	3	3	3
NTN1	0	0	0	0	3	0	0	0	0	3	3	3
NTSR2	0	0	0	0	3	0	0	0	0	3	3	3
NWD1	0	0	0	0	3	0	0	0	0	3	3	3
NXF1	0	0	0	0	3	0	0	0	0	3	3	3
NYX	0	0	0	0	3	0	0	0	0	3	3	3
OLFM2	0	0	0	0	3	0	0	0	0	3	3	3
OR10G9	0	0	0	0	3	0	0	0	0	3	3	3
OR2W1	0	0	0	0	3	0	0	0	0	3	3	3
OR4K1	0	0	0	0	3	0	0	0	0	3	3	3
OR52H1	0	0	0	0	3	0	0	0	0	3	3	3
OR5I1	0	0	0	0	3	0	0	0	0	3	3	3
OR6P1	0	0	0	0	3	0	0	0	0	3	3	3
OR7C1	0	0	0	0	3	0	0	0	0	3	3	3
PAX1	0	0	0	0	3	0	0	0	0	3	3	3
PCDHA8	0	0	0	0	3	0	0	0	0	3	3	3
PCED1A	0	0	0	0	1	2	0	0	0	3	3	3
PCSK5	0	0	0	0	3	0	0	0	0	3	3	3
PCTP	0	0	0	0	3	0	0	0	0	3	3	3
PDE10A	0	0	0	0	3	0	0	0	0	3	3	3
PIP5K1B	0	0	0	0	0	3	0	0	0	3	3	3
PLD5	0	0	0	0	3	0	0	0	0	3	3	3
PLEKHA4	0	0	0	0	3	0	0	0	0	3	3	3
POLH	0	0	1	0	2	0	0	0	0	3	3	3
POLR3D	0	0	0	0	3	0	0	0	0	3	3	3
PORCN	0	0	0	0	3	0	0	0	0	3	3	3
PPFIA4	0	0	0	1	1	1	0	0	0	3	3	3
PPM1K	0	0	0	0	3	0	0	0	0	3	3	3
PPP1R26	0	0	0	0	3	0	0	0	0	3	3	3
PROS1	0	0	0	0	3	0	0	0	0	3	3	3
PRRC2A	0	0	0	0	2	1	0	0	0	3	3	3
PRRX1	0	0	0	0	0	0	0	0	3	3	3	3
PRSS33	0	0	0	0	3	0	0	0	0	3	3	3
PSMC3	0	0	0	0	3	0	0	0	0	3	3	3
PTCH1	0	0	0	0	3	0	0	0	0	3	3	3
PTGS1	0	0	0	0	3	0	0	0	0	3	3	3
PUSL1	0	0	0	0	3	0	0	0	0	3	3	3
RANBP10	0	0	0	0	3	0	0	0	0	3	3	3
RAPSN	2	0	0	0	1	0	0	0	0	3	3	3
RARG	0	0	0	0	3	0	0	0	0	3	3	3
RNF25	0	0	0	0	3	0	0	0	0	3	3	3
ROCK1	0	0	0	0	0	3	0	0	0	3	3	3
ROS1	0	0	0	0	3	0	0	0	0	3	3	3
RPS6KB1	0	0	0	0	3	0	0	0	0	3	3	3
RSPO3	0	0	0	0	3	0	0	0	0	3	3	3
RTP3	0	0	0	0	3	0	0	0	0	3	3	3
RXRG	0	0	0	0	3	0	0	0	0	3	3	3
SATB2	0	3	0	0	0	0	0	0	0	3	3	3
SCIN	0	0	0	0	0	3	0	0	0	3	3	3
SERPINI2	0	0	0	0	3	0	0	0	0	3	3	3
SIK3	0	0	0	0	3	0	0	0	0	3	3	3
SIX6	0	0	0	0	3	0	0	0	0	3	3	3
SKOR1	0	0	0	0	3	0	0	0	0	3	3	3
SLC6A15	0	0	0	0	3	0	0	0	0	3	3	3
SLFN11	0	0	0	0	3	0	0	0	0	3	3	3
SLFN13	0	0	0	0	3	0	0	0	0	3	3	3
SLITRK2	0	0	0	0	3	0	0	0	0	3	3	3
SMYD1	0	0	0	0	3	0	0	0	0	3	3	3
SPAG9	0	0	0	0	3	0	0	0	0	3	3	3
SPTLC2	0	0	0	0	3	0	0	0	0	3	3	3
SRBD1	0	0	0	0	3	0	0	0	0	3	3	3
SSTR3	0	0	0	0	3	0	0	0	0	3	3	3
STAMBP	0	0	0	0	3	0	0	0	0	3	3	3
STXBP2	0	0	0	0	3	0	0	0	0	3	3	3
SUSD5	0	0	0	0	3	0	0	0	0	3	3	3
SYT11	0	0	0	0	3	0	0	0	0	3	3	3
TAB3	0	0	0	0	3	0	0	0	0	3	3	3
TACR2	0	0	0	0	3	0	0	0	0	3	3	3
TAF4	0	0	0	0	3	0	0	0	0	3	3	3
TAF7L	0	0	0	0	3	0	0	0	0	3	3	3
TCF12	1	0	0	0	2	0	0	0	0	3	3	3
TCF7L2	0	0	0	0	3	0	0	0	0	3	3	3
TCTE1	3	0	0	0	0	0	0	0	0	3	3	3
TENM3	0	0	0	0	3	0	0	0	0	3	3	3
TESMIN	0	0	0	0	3	0	0	0	0	3	3	3
TFAP2D	0	0	0	0	3	0	0	0	0	3	3	3
TFB2M	0	0	0	0	3	0	0	0	0	3	3	3
TGIF2LX	0	0	0	0	3	0	0	0	0	3	3	3
THSD7B	0	0	0	0	3	0	0	0	0	3	3	3
TIMP4	0	0	0	0	3	0	0	0	0	3	3	3
TLR10	0	0	0	0	3	0	0	0	0	3	3	3
TMC4	0	0	0	0	3	0	0	0	0	3	3	3
TOE1	0	0	0	0	3	0	0	0	0	3	3	3
TREML1	0	0	0	0	3	0	0	0	0	3	3	3
TRIM21	0	0	0	0	3	0	0	0	0	3	3	3
TRIM58	0	0	0	0	3	0	0	0	0	3	3	3
TRPA1	0	0	0	0	2	1	0	0	0	3	3	3
TRPC4	0	0	0	0	3	0	0	0	0	3	3	3
TSC22D1	3	0	0	0	0	0	0	0	0	3	3	3
TXK	0	0	0	0	3	0	0	0	0	3	3	3
TYMP	0	0	3	0	0	0	0	0	0	3	3	3
UGT2B4	0	0	0	0	3	0	0	0	0	3	3	3
UPK3B	0	0	0	0	3	0	0	0	0	3	3	3
UPP2	3	0	0	0	0	0	0	0	0	3	3	3
USP32	0	0	0	0	3	0	0	0	0	3	3	3
UTF1	0	0	0	0	3	0	0	0	0	3	3	3
WDR70	0	0	0	0	3	0	0	0	0	3	3	3
WDR86	0	0	0	0	3	0	0	0	0	3	3	3
WIPI2	0	0	0	0	0	3	0	0	0	3	3	3
ZBTB20	0	0	0	0	3	0	0	0	0	3	3	3
ZFC3H1	0	0	0	0	3	0	0	0	0	3	3	3
ZMYND8	0	0	0	0	3	0	0	0	0	3	3	3
ZNF124	0	0	0	0	3	0	0	0	0	3	3	3
ZNF385B	0	0	0	0	3	0	0	0	0	3	3	3
ZNF423	0	0	0	0	3	0	0	0	0	3	3	3
ZNF425	0	1	0	0	2	0	0	0	0	3	3	3
ZNF462	0	0	0	0	0	3	0	0	0	3	3	3
ZNF665	0	0	0	0	3	0	0	0	0	3	3	3
ZNF681	0	0	0	0	3	0	0	0	0	3	3	3
ZNF770	0	0	0	0	3	0	0	0	0	3	3	3
ZNF804B	0	0	0	0	3	0	0	0	0	3	3	3
ZSCAN4	0	0	0	0	3	0	0	0	0	3	3	3
ZXDC	0	0	0	0	3	0	0	0	0	3	3	3
LRP8	4	0	0	0	2	0	0	0	0	6	2	2
ACSS3	1	0	0	0	3	0	0	0	0	4	2	2
BMPR2	0	0	0	0	4	0	0	0	0	4	2	2
CCNT2	0	0	0	0	4	0	0	0	0	4	2	2
CNN3	0	0	0	0	2	0	0	2	0	4	2	2
COL6A5	0	0	1	1	2	0	0	0	0	4	2	2
COPB1	0	0	0	0	4	0	0	0	0	4	2	2
FLNB	0	0	0	0	3	1	0	0	0	4	2	2
KY	0	0	0	0	4	0	0	0	0	4	2	2
MYOM1	0	0	0	0	2	0	2	0	0	4	2	2
NKX6-2	0	0	0	0	4	0	0	0	0	4	2	2
SBF2	0	1	0	0	3	0	0	0	0	4	2	2
UNC45A	0	0	0	0	4	0	0	0	0	4	2	2
ANK2	0	0	0	0	3	0	0	0	0	3	2	2
CEP135	0	0	0	0	3	0	0	0	0	3	2	2
ERCC6L2	0	0	0	0	3	0	0	0	0	3	2	2
HIVEP1	1	1	0	0	1	0	0	0	0	3	2	2
MUC5B	1	0	0	0	2	0	0	0	0	3	2	2
NXPE4	0	0	0	0	3	0	0	0	0	3	2	2
OR4N2	0	0	0	0	3	0	0	0	0	3	2	2
PIP5K1C	1	0	0	0	2	0	0	0	0	3	2	2
PLCE1	0	0	0	0	2	1	0	0	0	3	2	2
RPAP1	0	0	0	0	3	0	0	0	0	3	2	2
TCP11	0	0	0	0	3	0	0	0	0	3	2	2
ABCB5	0	0	0	0	2	0	0	0	0	2	2	2
ABCC12	0	0	0	0	2	0	0	0	0	2	2	2
ABCC3	0	0	0	0	2	0	0	0	0	2	2	2
ACAA2	0	0	0	0	2	0	0	0	0	2	2	2
ACIN1	0	0	0	0	0	2	0	0	0	2	2	2
ACLY	0	0	0	0	2	0	0	0	0	2	2	2
ACTB	0	0	0	0	2	0	0	0	0	2	2	2
ACTL10	0	0	0	0	2	0	0	0	0	2	2	2
ACTL9	0	0	0	0	2	0	0	0	0	2	2	2
ADAMTS12	0	0	0	0	2	0	0	0	0	2	2	2
ADAMTS17	0	0	0	0	2	0	0	0	0	2	2	2
ADAMTS19	0	0	0	0	2	0	0	0	0	2	2	2
ADAMTS2	0	0	0	0	2	0	0	0	0	2	2	2
ADAMTSL5	0	0	0	0	2	0	0	0	0	2	2	2
ADAP1	0	0	0	0	0	2	0	0	0	2	2	2
ADCY1	0	0	0	0	2	0	0	0	0	2	2	2
ADGRV1	0	0	0	0	2	0	0	0	0	2	2	2
ADNP2	2	0	0	0	0	0	0	0	0	2	2	2
ADPGK	0	0	0	0	2	0	0	0	0	2	2	2
ADRA1B	0	0	0	0	2	0	0	0	0	2	2	2
ADRA1D	0	0	0	0	2	0	0	0	0	2	2	2
AKAP13	0	0	0	0	2	0	0	0	0	2	2	2
AMY1A	0	0	0	0	2	0	0	0	0	2	2	2
ANKRD12	0	0	0	0	2	0	0	0	0	2	2	2
ANKRD13B	0	0	0	0	2	0	0	0	0	2	2	2
ANKRD35	0	0	0	0	2	0	0	0	0	2	2	2
ANKRD49	0	0	0	0	2	0	0	0	0	2	2	2
ANKRD6	0	0	0	0	2	0	0	0	0	2	2	2
ANO5	0	0	0	0	2	0	0	0	0	2	2	2
APOBEC3D	0	0	0	0	2	0	0	0	0	2	2	2
AQP1	0	0	0	0	2	0	0	0	0	2	2	2
ARFGEF2	0	0	0	0	2	0	0	0	0	2	2	2
ARHGAP33	2	0	0	0	0	0	0	0	0	2	2	2
ARHGEF18	0	0	0	0	2	0	0	0	0	2	2	2
ARID3B	0	0	2	0	0	0	0	0	0	2	2	2
ARMC4	0	0	0	0	2	0	0	0	0	2	2	2
ASCC1	0	0	0	0	2	0	0	0	0	2	2	2
ASPA	0	0	0	0	2	0	0	0	0	2	2	2
ATG9A	0	0	0	0	2	0	0	0	0	2	2	2
ATN1	0	0	0	0	2	0	0	0	0	2	2	2
ATP9B	0	0	0	0	0	0	0	2	0	2	2	2
ATXN1	0	0	0	0	2	0	0	0	0	2	2	2
BAG3	0	0	0	0	2	0	0	0	0	2	2	2
BARHL2	0	0	0	0	2	0	0	0	0	2	2	2
BCAS3	0	0	0	0	2	0	0	0	0	2	2	2
BCO2	0	0	0	0	2	0	0	0	0	2	2	2
BEND4	0	0	0	0	2	0	0	0	0	2	2	2
BMP15	0	0	0	0	2	0	0	0	0	2	2	2
BOD1L1	0	0	0	0	2	0	0	0	0	2	2	2
BOD1L2	0	0	0	0	2	0	0	0	0	2	2	2
BRD1	0	0	0	0	2	0	0	0	0	2	2	2
BRINP3	0	0	0	0	2	0	0	0	0	2	2	2
BTN1A1	0	0	0	0	2	0	0	0	0	2	2	2
C17orf80	0	0	0	0	2	0	0	0	0	2	2	2
C2CD3	0	0	0	0	2	0	0	0	0	2	2	2
C9	0	0	0	0	2	0	0	0	0	2	2	2
CA12	0	0	0	0	2	0	0	0	0	2	2	2
CABS1	0	0	0	0	2	0	0	0	0	2	2	2
CACNG5	0	0	0	0	2	0	0	0	0	2	2	2
CAPN11	0	0	0	0	2	0	0	0	0	2	2	2
CARS2	0	0	0	0	2	0	0	0	0	2	2	2
CARTPT	0	0	0	0	0	2	0	0	0	2	2	2
CBLB	0	0	0	0	2	0	0	0	0	2	2	2
CCAR1	0	0	0	2	0	0	0	0	0	2	2	2
CCDC178	0	0	0	0	2	0	0	0	0	2	2	2
CCDC197	0	0	0	0	2	0	0	0	0	2	2	2
CCNE1	0	0	0	0	2	0	0	0	0	2	2	2
CCNI2	0	0	0	0	2	0	0	0	0	2	2	2
CD5L	0	0	0	0	2	0	0	0	0	2	2	2
CDC25C	0	0	0	0	2	0	0	0	0	2	2	2
CDH23	0	0	0	0	2	0	0	0	0	2	2	2
CDH5	0	0	0	0	2	0	0	0	0	2	2	2
CDK13	0	0	0	0	2	0	0	0	0	2	2	2
CDKN2A	0	0	2	0	0	0	0	0	0	2	2	2
CDS1	0	0	0	0	2	0	0	0	0	2	2	2
CEP128	0	0	0	0	2	0	0	0	0	2	2	2
CEP192	0	0	0	0	2	0	0	0	0	2	2	2
CERKL	0	0	0	0	2	0	0	0	0	2	2	2
CES3	0	0	0	0	2	0	0	0	0	2	2	2
CFAP206	0	0	0	0	2	0	0	0	0	2	2	2
CFAP300	0	0	0	0	2	0	0	0	0	2	2	2
CFAP52	0	0	0	0	2	0	0	0	0	2	2	2
CFHR3	0	0	0	0	2	0	0	0	0	2	2	2
CGA	0	0	0	0	0	2	0	0	0	2	2	2
CGB3	0	0	0	0	2	0	0	0	0	2	2	2
CHODL	0	0	0	0	2	0	0	0	0	2	2	2
CHRDL2	0	0	0	0	2	0	0	0	0	2	2	2
CIC	0	0	0	0	2	0	0	0	0	2	2	2
CLDN17	0	0	0	0	2	0	0	0	0	2	2	2
CLRN1	0	0	0	0	2	0	0	0	0	2	2	2
CMTR1	0	0	0	0	2	0	0	0	0	2	2	2
CNOT2	0	0	0	0	0	0	0	2	0	2	2	2
COL15A1	0	0	0	0	2	0	0	0	0	2	2	2
COL1A2	0	0	0	0	2	0	0	0	0	2	2	2
COL27A1	0	0	0	0	2	0	0	0	0	2	2	2
COMMD10	0	0	0	0	2	0	0	0	0	2	2	2
COX11	0	0	2	0	0	0	0	0	0	2	2	2
COX8C	0	0	0	0	0	2	0	0	0	2	2	2
CRYBG2	0	0	0	0	0	2	0	0	0	2	2	2
CRYZL2P-SEC16B	0	0	0	0	2	0	0	0	0	2	2	2
CSNK1G2	0	0	0	0	0	0	0	2	0	2	2	2
CTSS	0	0	0	0	0	0	0	2	0	2	2	2
CUZD1	0	0	0	0	2	0	0	0	0	2	2	2
CWC27	0	0	0	0	2	0	0	0	0	2	2	2
CYBA	0	0	0	0	2	0	0	0	0	2	2	2
CYP2C19	0	0	0	0	2	0	0	0	0	2	2	2
DAAM1	0	0	0	0	0	2	0	0	0	2	2	2
DAB1	0	0	0	0	2	0	0	0	0	2	2	2
DAP3	0	0	0	0	2	0	0	0	0	2	2	2
DAPK2	0	0	0	0	2	0	0	0	0	2	2	2
DCHS2	0	0	0	0	2	0	0	0	0	2	2	2
DDHD1	0	0	0	0	2	0	0	0	0	2	2	2
DDR1	0	0	0	0	2	0	0	0	0	2	2	2
DEK	0	0	0	0	2	0	0	0	0	2	2	2
DENND2A	0	0	0	0	2	0	0	0	0	2	2	2
DGKI	0	0	0	0	2	0	0	0	0	2	2	2
DHRS11	0	0	0	0	2	0	0	0	0	2	2	2
DISP2	0	0	0	0	2	0	0	0	0	2	2	2
DNA2	0	0	0	0	2	0	0	0	0	2	2	2
DOK1	0	0	0	0	2	0	0	0	0	2	2	2
DOT1L	0	0	0	0	2	0	0	0	0	2	2	2
DPP3	0	0	0	0	2	0	0	0	0	2	2	2
DPYSL2	0	0	0	0	2	0	0	0	0	2	2	2
DZIP3	0	0	0	0	2	0	0	0	0	2	2	2
E2F8	0	0	0	0	2	0	0	0	0	2	2	2
EDN2	0	0	0	0	2	0	0	0	0	2	2	2
EEF1D	0	0	0	0	2	0	0	0	0	2	2	2
EFHB	0	0	0	0	2	0	0	0	0	2	2	2
EFR3B	0	0	0	0	2	0	0	0	0	2	2	2
EHMT1	0	0	2	0	0	0	0	0	0	2	2	2
EIF2AK4	0	0	0	0	0	2	0	0	0	2	2	2
EIF3J	0	0	0	0	2	0	0	0	0	2	2	2
ELOA	0	0	0	0	2	0	0	0	0	2	2	2
ELP3	0	0	0	0	2	0	0	0	0	2	2	2
EMC7	0	0	0	0	2	0	0	0	0	2	2	2
EML3	0	0	0	0	2	0	0	0	0	2	2	2
ENPP1	0	0	0	0	2	0	0	0	0	2	2	2
ENPP3	0	0	0	0	2	0	0	0	0	2	2	2
EPB41L5	0	0	0	0	2	0	0	0	0	2	2	2
EPHX1	0	0	0	0	2	0	0	0	0	2	2	2
EPOP	0	0	0	0	2	0	0	0	0	2	2	2
EPPIN	0	0	0	0	2	0	0	0	0	2	2	2
ERBB2	0	0	0	0	2	0	0	0	0	2	2	2
EYA4	0	0	0	0	2	0	0	0	0	2	2	2
FAF1	0	0	0	0	2	0	0	0	0	2	2	2
FAM177A1	0	0	0	0	2	0	0	0	0	2	2	2
FAM184A	0	0	0	0	2	0	0	0	0	2	2	2
FAM71C	0	0	0	0	2	0	0	0	0	2	2	2
FAM90A1	0	0	0	0	2	0	0	0	0	2	2	2
FANCF	0	0	0	0	2	0	0	0	0	2	2	2
FASTK	0	0	0	0	2	0	0	0	0	2	2	2
FBXW11	0	0	0	0	2	0	0	0	0	2	2	2
FBXW5	0	0	0	0	2	0	0	0	0	2	2	2
FBXW7	0	0	0	0	2	0	0	0	0	2	2	2
FDX2	0	0	0	0	2	0	0	0	0	2	2	2
FGA	0	0	0	0	2	0	0	0	0	2	2	2
FKBP7	0	0	0	0	2	0	0	0	0	2	2	2
FLNC	0	0	0	0	2	0	0	0	0	2	2	2
FMN2	0	0	0	0	2	0	0	0	0	2	2	2
FMNL1	0	0	0	0	2	0	0	0	0	2	2	2
FOXJ2	0	0	0	0	2	0	0	0	0	2	2	2
FOXN1	0	0	0	0	2	0	0	0	0	2	2	2
FRMPD1	0	0	0	0	2	0	0	0	0	2	2	2
FURIN	0	0	0	0	2	0	0	0	0	2	2	2
FYCO1	0	0	0	0	2	0	0	0	0	2	2	2
GABRA6	0	0	0	0	2	0	0	0	0	2	2	2
GALNT17	0	0	0	0	2	0	0	0	0	2	2	2
GAN	0	0	0	0	2	0	0	0	0	2	2	2
GAREM1	0	0	0	0	0	0	0	2	0	2	2	2
GAS2L1	0	0	0	0	2	0	0	0	0	2	2	2
GATD3A	0	0	0	0	2	0	0	0	0	2	2	2
GCG	0	0	0	0	2	0	0	0	0	2	2	2
GDF5	0	0	0	0	2	0	0	0	0	2	2	2
GGT1	0	0	0	0	2	0	0	0	0	2	2	2
GLIS2	0	0	0	0	2	0	0	0	0	2	2	2
GMPR2	0	0	0	0	2	0	0	0	0	2	2	2
GNAS	0	0	0	1	1	0	0	0	0	2	2	2
GOLGA6C	0	0	0	0	2	0	0	0	0	2	2	2
GPR78	0	0	0	0	2	0	0	0	0	2	2	2
GRID2	0	0	0	0	2	0	0	0	0	2	2	2
GRIN3A	2	0	0	0	0	0	0	0	0	2	2	2
HAO2	0	0	0	0	2	0	0	0	0	2	2	2
HAS3	0	0	0	0	2	0	0	0	0	2	2	2
HEATR1	0	0	0	0	2	0	0	0	0	2	2	2
HEG1	0	0	0	0	2	0	0	0	0	2	2	2
HEPH	0	0	0	0	2	0	0	0	0	2	2	2
HEXA	0	0	0	0	2	0	0	0	0	2	2	2
HIF1A	0	0	0	0	2	0	0	0	0	2	2	2
HOXA4	0	0	0	0	2	0	0	0	0	2	2	2
HOXB13	0	0	0	0	2	0	0	0	0	2	2	2
HP	0	0	0	0	2	0	0	0	0	2	2	2
HPS6	0	0	0	0	2	0	0	0	0	2	2	2
HPSE	0	0	0	0	2	0	0	0	0	2	2	2
HS3ST3B1	0	0	0	0	2	0	0	0	0	2	2	2
HSD17B1	0	0	0	0	0	2	0	0	0	2	2	2
HSF2BP	0	0	0	0	2	0	0	0	0	2	2	2
HSPBAP1	0	0	0	0	0	2	0	0	0	2	2	2
HTR1B	2	0	0	0	0	0	0	0	0	2	2	2
HTR5A	0	0	0	0	2	0	0	0	0	2	2	2
IFNA6	0	0	0	0	2	0	0	0	0	2	2	2
IGDCC4	0	0	0	0	2	0	0	0	0	2	2	2
IGF2BP1	0	0	0	0	2	0	0	0	0	2	2	2
IL12RB1	0	0	0	0	2	0	0	0	0	2	2	2
IL20	0	0	0	0	2	0	0	0	0	2	2	2
INF2	0	0	0	0	0	2	0	0	0	2	2	2
INTS4	0	0	0	0	2	0	0	0	0	2	2	2
INTU	0	0	0	0	2	0	0	0	0	2	2	2
IPO5	0	0	0	0	2	0	0	0	0	2	2	2
IRF2BP1	0	0	0	0	2	0	0	0	0	2	2	2
ISY1	0	0	0	0	2	0	0	0	0	2	2	2
ISY1-RAB43	0	0	0	0	2	0	0	0	0	2	2	2
ITIH5	0	0	0	0	2	0	0	0	0	2	2	2
IZUMO3	0	0	0	0	2	0	0	0	0	2	2	2
JMJD7	0	0	0	0	2	0	0	0	0	2	2	2
JRK	0	0	0	0	2	0	0	0	0	2	2	2
KCNAB3	0	0	0	0	0	2	0	0	0	2	2	2
KCNH4	0	0	0	0	2	0	0	0	0	2	2	2
KCNMB1	0	0	0	0	2	0	0	0	0	2	2	2
KCNN2	0	0	0	0	0	2	0	0	0	2	2	2
KDM7A	0	0	0	0	2	0	0	0	0	2	2	2
KIF14	0	0	0	0	2	0	0	0	0	2	2	2
KIF22	0	0	0	0	2	0	0	0	0	2	2	2
KIF5C	0	0	0	0	2	0	0	0	0	2	2	2
KLHDC8B	0	0	0	0	2	0	0	0	0	2	2	2
KMT2C	0	0	0	0	2	0	0	0	0	2	2	2
L3MBTL4	0	0	0	0	2	0	0	0	0	2	2	2
LAMA3	0	0	0	0	2	0	0	0	0	2	2	2
LAMA4	0	0	0	0	2	0	0	0	0	2	2	2
LAMC1	0	0	0	0	2	0	0	0	0	2	2	2
LATS1	0	0	0	0	2	0	0	0	0	2	2	2
LMF1	0	0	0	0	2	0	0	0	0	2	2	2
LONP1	0	0	0	0	2	0	0	0	0	2	2	2
LPIN1	0	0	0	0	2	0	0	0	0	2	2	2
LPL	0	0	0	0	2	0	0	0	0	2	2	2
LRBA	0	0	0	0	0	0	0	2	0	2	2	2
LRRC37A3	0	0	0	0	2	0	0	0	0	2	2	2
LYRM4	0	0	0	0	2	0	0	0	0	2	2	2
LYST	0	0	0	0	2	0	0	0	0	2	2	2
MAGEC3	0	0	0	0	2	0	0	0	0	2	2	2
MAMSTR	0	0	0	0	2	0	0	0	0	2	2	2
MAN1B1	0	0	0	0	2	0	0	0	0	2	2	2
MAPK4	0	0	0	0	2	0	0	0	0	2	2	2
MASP2	0	0	0	0	2	0	0	0	0	2	2	2
MBD3L5	0	0	0	0	2	0	0	0	0	2	2	2
MBNL2	0	0	0	0	2	0	0	0	0	2	2	2
MCHR2	0	0	0	0	2	0	0	0	0	2	2	2
MCMDC2	0	0	0	0	2	0	0	0	0	2	2	2
MDM1	0	0	0	0	2	0	0	0	0	2	2	2
MEDAG	0	0	0	0	2	0	0	0	0	2	2	2
METTL2B	0	0	0	0	2	0	0	0	0	2	2	2
MEX3C	0	0	0	0	2	0	0	0	0	2	2	2
MFN1	0	1	0	0	1	0	0	0	0	2	2	2
MFSD2B	0	0	0	0	2	0	0	0	0	2	2	2
MIA3	0	0	0	0	2	0	0	0	0	2	2	2
MINDY1	0	0	0	0	2	0	0	0	0	2	2	2
MLF1	0	0	0	0	2	0	0	0	0	2	2	2
MLIP	0	0	0	0	2	0	0	0	0	2	2	2
MME	0	0	0	0	0	2	0	0	0	2	2	2
MPI	0	0	0	0	2	0	0	0	0	2	2	2
MRC1	0	0	0	0	2	0	0	0	0	2	2	2
MRPL30	0	0	0	0	2	0	0	0	0	2	2	2
MRPS30	0	0	0	0	2	0	0	0	0	2	2	2
MSH3	0	0	0	0	2	0	0	0	0	2	2	2
MST1	0	0	0	0	2	0	0	0	0	2	2	2
MTFR1	0	0	0	0	2	0	0	0	0	2	2	2
MTG1	0	0	0	0	2	0	0	0	0	2	2	2
MTHFD1	0	0	0	0	2	0	0	0	0	2	2	2
MTR	0	1	0	0	1	0	0	0	0	2	2	2
MTSS1	0	0	0	0	2	0	0	0	0	2	2	2
MUCL3	0	0	0	0	2	0	0	0	0	2	2	2
MYH15	0	0	0	0	2	0	0	0	0	2	2	2
MYH7	0	0	0	0	2	0	0	0	0	2	2	2
MYH9	0	0	2	0	0	0	0	0	0	2	2	2
MYO18A	0	0	2	0	0	0	0	0	0	2	2	2
NANOGNB	0	0	0	0	2	0	0	0	0	2	2	2
NBAS	0	2	0	0	0	0	0	0	0	2	2	2
NCK1	0	0	0	0	2	0	0	0	0	2	2	2
NCOA3	0	0	0	0	2	0	0	0	0	2	2	2
NDFIP1	0	0	0	0	2	0	0	0	0	2	2	2
NDST4	0	0	0	0	2	0	0	0	0	2	2	2
NECAB1	0	0	0	0	2	0	0	0	0	2	2	2
NEK5	0	0	0	0	2	0	0	0	0	2	2	2
NFE2L2	0	0	0	0	2	0	0	0	0	2	2	2
NKX2-4	0	0	0	0	2	0	0	0	0	2	2	2
NLRP12	0	0	0	0	2	0	0	0	0	2	2	2
NME9	0	0	0	0	2	0	0	0	0	2	2	2
NMRK2	0	0	0	0	2	0	0	0	0	2	2	2
NMT2	0	0	0	0	2	0	0	0	0	2	2	2
NOL4	1	0	0	0	1	0	0	0	0	2	2	2
NOS3	0	0	0	0	2	0	0	0	0	2	2	2
NOTCH2	1	0	0	0	1	0	0	0	0	2	2	2
NPIPB15	0	0	0	0	2	0	0	0	0	2	2	2
NR2E1	0	0	0	0	2	0	0	0	0	2	2	2
NRG3	0	0	0	0	2	0	0	0	0	2	2	2
NT5C2	0	0	0	0	2	0	0	0	0	2	2	2
NTRK3	2	0	0	0	0	0	0	0	0	2	2	2
NUDT2	0	0	0	0	2	0	0	0	0	2	2	2
NUTM1	0	0	2	0	0	0	0	0	0	2	2	2
OR10J5	0	0	0	0	2	0	0	0	0	2	2	2
OR10V1	0	0	0	0	2	0	0	0	0	2	2	2
OR11L1	0	0	0	0	0	2	0	0	0	2	2	2
OR13C8	0	0	0	0	2	0	0	0	0	2	2	2
OR14C36	0	0	0	0	2	0	0	0	0	2	2	2
OR1Q1	0	0	0	0	2	0	0	0	0	2	2	2
OR2AK2	0	0	0	0	2	0	0	0	0	2	2	2
OR2F2	0	0	0	0	2	0	0	0	0	2	2	2
OR2L3	0	0	0	0	2	0	0	0	0	2	2	2
OR2L8	0	0	0	0	2	0	0	0	0	2	2	2
OR2M2	0	0	0	0	2	0	0	0	0	2	2	2
OR2T2	0	0	0	0	2	0	0	0	0	2	2	2
OR2T6	0	0	0	0	2	0	0	0	0	2	2	2
OR4X2	0	0	0	0	2	0	0	0	0	2	2	2
OR51T1	0	0	0	0	2	0	0	0	0	2	2	2
OR52B6	0	0	0	0	2	0	0	0	0	2	2	2
OR52R1	0	0	0	0	0	2	0	0	0	2	2	2
OR56A1	0	0	0	0	2	0	0	0	0	2	2	2
OR5H14	0	0	0	0	2	0	0	0	0	2	2	2
OR8G2P	0	0	0	0	2	0	0	0	0	2	2	2
OR8S1	0	0	0	0	2	0	0	0	0	2	2	2
ORC5	0	0	0	0	2	0	0	0	0	2	2	2
OSTN	0	0	0	0	2	0	0	0	0	2	2	2
OVOL3	2	0	0	0	0	0	0	0	0	2	2	2
P2RY1	0	0	0	0	2	0	0	0	0	2	2	2
PACS1	0	0	0	0	2	0	0	0	0	2	2	2
PANX1	0	0	0	0	2	0	0	0	0	2	2	2
PAXIP1	0	0	0	0	2	0	0	0	0	2	2	2
PBX2	0	0	0	0	2	0	0	0	0	2	2	2
PCDH10	0	0	0	0	2	0	0	0	0	2	2	2
PCDH11X	0	0	0	0	2	0	0	0	0	2	2	2
PCDHA1	0	0	0	0	2	0	0	0	0	2	2	2
PCDHA13	0	0	0	0	2	0	0	0	0	2	2	2
PCDHB3	0	0	0	0	2	0	0	0	0	2	2	2
PCDHGA7	0	0	0	0	0	2	0	0	0	2	2	2
PCLO	0	0	0	0	1	1	0	0	0	2	2	2
PCNX1	0	0	0	0	2	0	0	0	0	2	2	2
PCNX3	0	0	0	0	2	0	0	0	0	2	2	2
PCNX4	0	0	0	0	2	0	0	0	0	2	2	2
PCSK2	0	0	0	0	2	0	0	0	0	2	2	2
PDZRN4	0	0	0	0	2	0	0	0	0	2	2	2
PEBP1	0	0	0	0	2	0	0	0	0	2	2	2
PEG3	0	0	0	0	2	0	0	0	0	2	2	2
PHC3	0	0	0	0	2	0	0	0	0	2	2	2
PHF14	0	0	0	0	2	0	0	0	0	2	2	2
PHOX2B	0	0	0	0	2	0	0	0	0	2	2	2
PHRF1	0	0	0	0	0	2	0	0	0	2	2	2
PI16	0	0	0	0	2	0	0	0	0	2	2	2
PIGC	0	0	0	0	2	0	0	0	0	2	2	2
PIK3CD	0	0	0	0	2	0	0	0	0	2	2	2
PKD1	0	0	0	0	2	0	0	0	0	2	2	2
PKDREJ	0	0	0	0	2	0	0	0	0	2	2	2
PKP2	0	0	0	0	2	0	0	0	0	2	2	2
PLCB1	0	0	0	0	2	0	0	0	0	2	2	2
PLCH1	0	0	0	0	2	0	0	0	0	2	2	2
PLEC	0	0	0	0	2	0	0	0	0	2	2	2
PLEKHA6	0	0	0	0	0	2	0	0	0	2	2	2
PLEKHH2	0	0	0	0	2	0	0	0	0	2	2	2
PLOD3	0	0	0	0	0	2	0	0	0	2	2	2
PLXNA1	0	0	0	0	2	0	0	0	0	2	2	2
PNOC	0	0	0	0	2	0	0	0	0	2	2	2
POLG	0	0	0	0	2	0	0	0	0	2	2	2
POMGNT2	0	0	0	0	2	0	0	0	0	2	2	2
POP1	0	0	0	0	2	0	0	0	0	2	2	2
POTEJ	0	0	0	0	2	0	0	0	0	2	2	2
PPP1R37	2	0	0	0	0	0	0	0	0	2	2	2
PPP6R1	0	0	0	0	2	0	0	0	0	2	2	2
PPP6R3	0	0	0	0	2	0	0	0	0	2	2	2
PRAM1	0	0	0	0	2	0	0	0	0	2	2	2
PRF1	0	0	0	0	2	0	0	0	0	2	2	2
PRKCD	0	0	0	0	2	0	0	0	0	2	2	2
PROC	0	0	0	0	2	0	0	0	0	2	2	2
PRR23B	0	0	0	0	2	0	0	0	0	2	2	2
PSG3	0	0	0	0	2	0	0	0	0	2	2	2
PTGR2	0	0	0	0	2	0	0	0	0	2	2	2
PTH2R	0	0	0	0	2	0	0	0	0	2	2	2
PTPRA	0	0	0	0	2	0	0	0	0	2	2	2
PTPRB	0	0	0	0	2	0	0	0	0	2	2	2
PTPRT	0	0	0	0	2	0	0	0	0	2	2	2
QRSL1	0	0	0	0	2	0	0	0	0	2	2	2
RAC2	0	0	0	0	2	0	0	0	0	2	2	2
RAD21L1	0	0	0	0	2	0	0	0	0	2	2	2
RASA3	0	0	0	0	2	0	0	0	0	2	2	2
RBBP6	0	0	0	0	2	0	0	0	0	2	2	2
RBM5	0	0	0	0	0	2	0	0	0	2	2	2
RBMXL2	0	0	0	0	2	0	0	0	0	2	2	2
RETNLB	0	0	0	0	2	0	0	0	0	2	2	2
RFC4	0	0	0	0	2	0	0	0	0	2	2	2
RHOXF2	0	0	0	0	0	2	0	0	0	2	2	2
RLBP1	2	0	0	0	0	0	0	0	0	2	2	2
RLN1	0	0	0	0	2	0	0	0	0	2	2	2
RMDN1	0	0	0	0	2	0	0	0	0	2	2	2
RNF103	0	0	0	0	2	0	0	0	0	2	2	2
RNF133	0	0	0	0	2	0	0	0	0	2	2	2
RNF183	0	0	0	0	2	0	0	0	0	2	2	2
ROBO2	0	0	0	0	2	0	0	0	0	2	2	2
RPGRIP1	0	0	0	0	2	0	0	0	0	2	2	2
RPGRIP1L	0	0	0	0	2	0	0	0	0	2	2	2
RPL10L	0	0	0	0	2	0	0	0	0	2	2	2
RPL5	0	0	2	0	0	0	0	0	0	2	2	2
RPRD2	0	0	0	0	2	0	0	0	0	2	2	2
RSBN1L	0	0	0	0	2	0	0	0	0	2	2	2
RSPH6A	0	0	0	0	2	0	0	0	0	2	2	2
RSPO4	0	0	0	0	2	0	0	0	0	2	2	2
RUFY2	0	0	0	0	2	0	0	0	0	2	2	2
RYR1	0	0	0	0	2	0	0	0	0	2	2	2
RYR3	0	0	0	0	1	1	0	0	0	2	2	2
SALL2	0	0	0	0	2	0	0	0	0	2	2	2
SBSN	0	0	0	0	2	0	0	0	0	2	2	2
SCLY	2	0	0	0	0	0	0	0	0	2	2	2
SCUBE1	0	0	0	0	2	0	0	0	0	2	2	2
SEC31B	0	0	0	0	2	0	0	0	0	2	2	2
SENP5	0	0	0	0	2	0	0	0	0	2	2	2
SETD2	0	0	0	0	2	0	0	0	0	2	2	2
SETD9	0	0	0	0	2	0	0	0	0	2	2	2
SFTPA1	0	0	0	0	2	0	0	0	0	2	2	2
SHC3	0	0	0	0	2	0	0	0	0	2	2	2
SIX5	0	0	0	0	2	0	0	0	0	2	2	2
SLC24A3	0	0	1	0	1	0	0	0	0	2	2	2
SLC25A35	2	0	0	0	0	0	0	0	0	2	2	2
SLC47A1	0	0	0	0	2	0	0	0	0	2	2	2
SLC6A5	0	0	0	0	2	0	0	0	0	2	2	2
SLC7A14	0	0	0	0	2	0	0	0	0	2	2	2
SLCO1B1	0	0	0	0	2	0	0	0	0	2	2	2
SLIT2	0	0	0	0	2	0	0	0	0	2	2	2
SLIT3	0	0	0	0	2	0	0	0	0	2	2	2
SMAD9	0	0	0	0	0	2	0	0	0	2	2	2
SMG8	0	0	0	0	2	0	0	0	0	2	2	2
SNRK	0	0	0	0	2	0	0	0	0	2	2	2
SNX1	0	0	0	0	2	0	0	0	0	2	2	2
SNX17	0	0	0	0	2	0	0	0	0	2	2	2
SNX29	0	0	0	0	0	2	0	0	0	2	2	2
SNX9	0	0	0	0	2	0	0	0	0	2	2	2
SOHLH1	0	0	0	0	2	0	0	0	0	2	2	2
SOX11	0	0	0	0	1	1	0	0	0	2	2	2
SP9	0	0	0	0	2	0	0	0	0	2	2	2
SPATA31D1	0	0	0	0	2	0	0	0	0	2	2	2
SPINT1	0	0	0	0	2	0	0	0	0	2	2	2
SPPL2C	0	0	0	0	2	0	0	0	0	2	2	2
SPTBN5	0	0	0	1	1	0	0	0	0	2	2	2
SRA1	0	0	0	0	2	0	0	0	0	2	2	2
SRGN	0	0	0	0	2	0	0	0	0	2	2	2
SRI	0	0	0	0	2	0	0	0	0	2	2	2
SSH2	0	0	0	0	1	1	0	0	0	2	2	2
STMN3	0	0	0	0	2	0	0	0	0	2	2	2
STOX2	0	0	0	0	2	0	0	0	0	2	2	2
SULF1	0	0	0	0	2	0	0	0	0	2	2	2
SULF2	0	0	0	0	2	0	0	0	0	2	2	2
SUOX	0	0	0	0	2	0	0	0	0	2	2	2
SUPT20H	0	0	0	0	2	0	0	0	0	2	2	2
SYCP2	0	0	0	0	2	0	0	0	0	2	2	2
TANC2	0	0	2	0	0	0	0	0	0	2	2	2
TARS	0	0	0	0	2	0	0	0	0	2	2	2
TBC1D2	0	0	0	0	2	0	0	0	0	2	2	2
TCAF1	0	0	0	0	2	0	0	0	0	2	2	2
TCERG1L	0	0	0	0	2	0	0	0	0	2	2	2
TEF	0	0	0	0	2	0	0	0	0	2	2	2
TEKT5	0	0	0	0	2	0	0	0	0	2	2	2
TFAP4	0	0	0	0	2	0	0	0	0	2	2	2
THBS3	0	0	0	0	2	0	0	0	0	2	2	2
THEMIS	0	0	0	0	2	0	0	0	0	2	2	2
THSD7A	0	0	0	0	2	0	0	0	0	2	2	2
TJP1	0	0	0	0	0	2	0	0	0	2	2	2
TKTL2	0	0	0	0	2	0	0	0	0	2	2	2
TLE1	0	0	0	0	2	0	0	0	0	2	2	2
TLE4	2	0	0	0	0	0	0	0	0	2	2	2
TLX3	0	0	0	0	2	0	0	0	0	2	2	2
TM6SF2	0	0	0	0	0	2	0	0	0	2	2	2
TMEM108	0	0	0	0	2	0	0	0	0	2	2	2
TMEM130	0	0	0	0	2	0	0	0	0	2	2	2
TMEM131L	0	0	0	0	2	0	0	0	0	2	2	2
TMEM181	0	1	0	0	1	0	0	0	0	2	2	2
TMEM259	0	0	0	0	2	0	0	0	0	2	2	2
TMTC4	0	0	0	0	2	0	0	0	0	2	2	2
TNFSF13B	0	0	0	0	2	0	0	0	0	2	2	2
TNNC2	0	0	0	0	2	0	0	0	0	2	2	2
TNP1	0	0	0	0	2	0	0	0	0	2	2	2
TNPO1	0	0	0	0	2	0	0	0	0	2	2	2
TNS4	0	0	0	0	2	0	0	0	0	2	2	2
TOX2	0	0	0	0	2	0	0	0	0	2	2	2
TRHR	0	0	0	0	2	0	0	0	0	2	2	2
TRIM37	0	0	0	0	2	0	0	0	0	2	2	2
TRIM66	0	0	0	0	2	0	0	0	0	2	2	2
TRIM69	0	0	0	0	1	1	0	0	0	2	2	2
TRMT10B	0	0	0	0	2	0	0	0	0	2	2	2
TRRAP	0	0	0	0	2	0	0	0	0	2	2	2
TSEN15	0	0	0	0	2	0	0	0	0	2	2	2
TSHZ3	0	0	0	0	2	0	0	0	0	2	2	2
TUBA8	0	0	0	0	2	0	0	0	0	2	2	2
TWNK	0	0	2	0	0	0	0	0	0	2	2	2
UACA	0	0	0	0	2	0	0	0	0	2	2	2
UBQLNL	0	0	0	0	2	0	0	0	0	2	2	2
UBR7	0	0	0	0	2	0	0	0	0	2	2	2
UGT2A1	0	0	0	0	2	0	0	0	0	2	2	2
UGT2B11	0	0	0	0	2	0	0	0	0	2	2	2
UGT2B28	0	0	0	0	2	0	0	0	0	2	2	2
USP18	0	0	0	0	2	0	0	0	0	2	2	2
USP37	0	0	0	0	0	2	0	0	0	2	2	2
USP43	0	0	0	0	2	0	0	0	0	2	2	2
USP46	0	0	0	0	2	0	0	0	0	2	2	2
USP50	0	0	0	0	2	0	0	0	0	2	2	2
USP8	0	0	0	0	2	0	0	0	0	2	2	2
VARS2	0	0	0	0	2	0	0	0	0	2	2	2
VPS13C	0	0	0	0	1	1	0	0	0	2	2	2
VPS13D	0	0	0	0	2	0	0	0	0	2	2	2
WAC	0	0	0	0	0	2	0	0	0	2	2	2
WBP2	0	0	0	0	2	0	0	0	0	2	2	2
WDR64	0	0	0	0	2	0	0	0	0	2	2	2
WDR87	0	0	0	0	2	0	0	0	0	2	2	2
WNT7B	0	0	0	0	2	0	0	0	0	2	2	2
XKR3	0	0	0	0	2	0	0	0	0	2	2	2
XRN1	0	0	0	0	2	0	0	0	0	2	2	2
YPEL5	0	0	0	0	0	2	0	0	0	2	2	2
ZBTB34	0	0	0	0	2	0	0	0	0	2	2	2
ZBTB41	0	0	0	0	2	0	0	0	0	2	2	2
ZFHX4	0	0	0	0	1	1	0	0	0	2	2	2
ZIC4	0	0	0	0	2	0	0	0	0	2	2	2
ZKSCAN1	0	0	0	0	2	0	0	0	0	2	2	2
ZMAT4	0	0	0	0	2	0	0	0	0	2	2	2
ZNF236	0	0	0	0	2	0	0	0	0	2	2	2
ZNF248	0	0	0	0	2	0	0	0	0	2	2	2
ZNF25	0	0	0	0	2	0	0	0	0	2	2	2
ZNF324	0	0	0	0	2	0	0	0	0	2	2	2
ZNF366	0	0	0	0	2	0	0	0	0	2	2	2
ZNF391	0	0	0	0	2	0	0	0	0	2	2	2
ZNF433	0	0	0	0	2	0	0	0	0	2	2	2
ZNF444	0	0	0	0	2	0	0	0	0	2	2	2
ZNF469	0	0	0	0	2	0	0	0	0	2	2	2
ZNF471	0	0	0	0	2	0	0	0	0	2	2	2
ZNF521	0	0	0	0	2	0	0	0	0	2	2	2
ZNF536	0	0	0	0	2	0	0	0	0	2	2	2
ZNF585A	0	0	0	0	2	0	0	0	0	2	2	2
ZNF609	0	0	0	0	2	0	0	0	0	2	2	2
ZNF615	0	0	0	0	2	0	0	0	0	2	2	2
ZNF618	0	0	0	0	2	0	0	0	0	2	2	2
ZNF66	0	0	0	0	2	0	0	0	0	2	2	2
ZNF696	0	0	0	0	2	0	0	0	0	2	2	2
ZNF709	0	0	0	0	2	0	0	0	0	2	2	2
ZNF716	0	0	0	0	2	0	0	0	0	2	2	2
ZNF749	0	0	0	0	2	0	0	0	0	2	2	2
ZNF804A	0	0	0	0	2	0	0	0	0	2	2	2
ZSWIM4	0	2	0	0	0	0	0	0	0	2	2	2
ZSWIM6	0	0	0	0	2	0	0	0	0	2	2	2
ZWILCH	0	0	0	0	2	0	0	0	0	2	2	2
ACACA	0	0	0	0	2	0	0	0	0	2	1	1
AMH	0	1	0	0	1	0	0	0	0	2	1	1
AXDND1	0	1	0	1	0	0	0	0	0	2	1	1
BBX	0	0	1	1	0	0	0	0	0	2	1	1
BTNL10	0	0	0	0	1	1	0	0	0	2	1	1
CASS4	1	1	0	0	0	0	0	0	0	2	1	1
CCDC40	1	0	0	0	1	0	0	0	0	2	1	1
CILP	0	0	1	1	0	0	0	0	0	2	1	1
CLDN4	0	1	0	0	1	0	0	0	0	2	1	1
CPLANE1	0	0	0	0	2	0	0	0	0	2	1	1
CRYBG3	0	0	0	0	2	0	0	0	0	2	1	1
DCUN1D1	0	0	0	0	1	1	0	0	0	2	1	1
DUSP27	0	0	0	0	2	0	0	0	0	2	1	1
EPRS	0	0	0	0	2	0	0	0	0	2	1	1
FAM155B	0	0	0	0	2	0	0	0	0	2	1	1
FAM193A	0	0	0	0	2	0	0	0	0	2	1	1
FCAMR	0	0	1	1	0	0	0	0	0	2	1	1
FSIP2	0	0	0	0	1	1	0	0	0	2	1	1
GAP43	0	0	0	0	2	0	0	0	0	2	1	1
GAS2L3	0	0	0	0	2	0	0	0	0	2	1	1
GLYCTK	0	0	0	0	2	0	0	0	0	2	1	1
GOLGA2	0	0	0	0	2	0	0	0	0	2	1	1
HHLA2	0	1	0	0	1	0	0	0	0	2	1	1
HLA-G	1	1	0	0	0	0	0	0	0	2	1	1
HS3ST5	1	1	0	0	0	0	0	0	0	2	1	1
IL16	0	2	0	0	0	0	0	0	0	2	1	1
ITGA6	0	0	0	1	0	1	0	0	0	2	1	1
ITGB6	0	1	0	0	0	1	0	0	0	2	1	1
KANSL1	0	0	0	1	0	1	0	0	0	2	1	1
KCNH6	0	0	0	0	2	0	0	0	0	2	1	1
KIAA1549	0	0	0	0	2	0	0	0	0	2	1	1
KLHL14	0	1	0	1	0	0	0	0	0	2	1	1
MPP4	0	0	0	0	1	1	0	0	0	2	1	1
MTOR	0	1	0	0	1	0	0	0	0	2	1	1
NLRP11	0	0	0	0	1	1	0	0	0	2	1	1
NTHL1	0	0	0	0	1	1	0	0	0	2	1	1
OR2M5	0	0	0	0	2	0	0	0	0	2	1	1
PAIP1	0	0	0	0	2	0	0	0	0	2	1	1
PCDH18	0	0	0	0	2	0	0	0	0	2	1	1
PDZD2	0	0	0	0	2	0	0	0	0	2	1	1
PIK3CA	0	0	0	0	1	0	0	1	0	2	1	1
PLD1	0	0	0	0	2	0	0	0	0	2	1	1
POU4F2	0	0	0	0	2	0	0	0	0	2	1	1
PRDM11	0	0	0	0	1	1	0	0	0	2	1	1
PWWP3A	0	0	0	0	2	0	0	0	0	2	1	1
RAPGEF2	0	0	0	0	1	1	0	0	0	2	1	1
REV3L	0	1	0	0	1	0	0	0	0	2	1	1
RIOK3	0	0	0	0	1	1	0	0	0	2	1	1
RNF213	0	1	0	0	1	0	0	0	0	2	1	1
RPE65	1	0	0	0	1	0	0	0	0	2	1	1
SAXO2	0	1	0	0	1	0	0	0	0	2	1	1
SETD5	0	1	0	0	1	0	0	0	0	2	1	1
STARD9	1	0	1	0	0	0	0	0	0	2	1	1
TASOR	0	0	0	0	1	1	0	0	0	2	1	1
TDRD15	0	0	1	1	0	0	0	0	0	2	1	1
TFEB	0	0	0	0	1	1	0	0	0	2	1	1
THSD4	0	0	0	0	2	0	0	0	0	2	1	1
USP34	0	1	0	0	1	0	0	0	0	2	1	1
ZC3H6	1	1	0	0	0	0	0	0	0	2	1	1
ZFHX3	0	1	0	0	1	0	0	0	0	2	1	1
ZNF721	0	0	0	0	1	1	0	0	0	2	1	1
A1CF	0	0	0	0	1	0	0	0	0	1	1	1
A2M	0	0	0	0	0	1	0	0	0	1	1	1
A4GNT	0	0	0	0	1	0	0	0	0	1	1	1
ABCA12	0	0	0	0	1	0	0	0	0	1	1	1
ABCA13	0	0	0	0	1	0	0	0	0	1	1	1
ABCA2	0	0	0	0	0	1	0	0	0	1	1	1
ABCC10	0	0	0	0	1	0	0	0	0	1	1	1
ABCC4	0	0	0	0	1	0	0	0	0	1	1	1
ABCF3	0	0	0	0	1	0	0	0	0	1	1	1
ABHD16B	0	0	0	0	1	0	0	0	0	1	1	1
ABI3BP	0	0	0	0	0	0	0	1	0	1	1	1
ABRA	0	0	0	0	1	0	0	0	0	1	1	1
ACAD10	0	0	0	0	1	0	0	0	0	1	1	1
ACAD9	0	0	0	0	1	0	0	0	0	1	1	1
ACP3	0	0	0	0	1	0	0	0	0	1	1	1
ACPP	0	0	0	0	1	0	0	0	0	1	1	1
ACTR3B	0	0	0	0	1	0	0	0	0	1	1	1
ACVR1B	0	0	0	0	1	0	0	0	0	1	1	1
ACYP2	0	0	0	0	0	1	0	0	0	1	1	1
ADAM19	0	0	0	0	1	0	0	0	0	1	1	1
ADCY3	0	0	0	0	1	0	0	0	0	1	1	1
ADGRA1	0	0	0	0	1	0	0	0	0	1	1	1
ADGRB2	0	0	0	0	1	0	0	0	0	1	1	1
ADH7	0	0	0	0	1	0	0	0	0	1	1	1
ADIPOR1	0	0	0	0	1	0	0	0	0	1	1	1
ADRA2A	0	0	0	0	1	0	0	0	0	1	1	1
ADRB2	0	0	0	0	0	1	0	0	0	1	1	1
ADRB3	0	0	0	0	1	0	0	0	0	1	1	1
AFF2	0	0	0	0	0	1	0	0	0	1	1	1
AFF3	0	0	0	0	0	1	0	0	0	1	1	1
AFTPH	0	0	0	0	1	0	0	0	0	1	1	1
AGAP6	0	0	0	0	0	1	0	0	0	1	1	1
AGPAT4	0	0	0	0	1	0	0	0	0	1	1	1
AHCY	0	0	0	0	1	0	0	0	0	1	1	1
AHNAK	0	0	0	0	1	0	0	0	0	1	1	1
AKAP8L	0	0	0	0	1	0	0	0	0	1	1	1
AKR1E2	0	0	0	0	1	0	0	0	0	1	1	1
ALG2	0	0	0	0	1	0	0	0	0	1	1	1
ALKAL2	0	0	0	0	1	0	0	0	0	1	1	1
ALS2	0	0	0	0	0	1	0	0	0	1	1	1
ANGPT4	0	0	0	0	1	0	0	0	0	1	1	1
ANK1	0	0	0	0	1	0	0	0	0	1	1	1
ANKAR	0	0	0	0	1	0	0	0	0	1	1	1
ANKHD1-EIF4EBP3	0	0	0	0	1	0	0	0	0	1	1	1
ANKRD28	0	0	0	0	1	0	0	0	0	1	1	1
ANKRD29	0	0	0	0	1	0	0	0	0	1	1	1
ANKRD31	0	0	0	0	1	0	0	0	0	1	1	1
ANKS4B	0	0	0	0	1	0	0	0	0	1	1	1
AOC1	0	0	0	0	1	0	0	0	0	1	1	1
AOC3	0	0	0	0	1	0	0	0	0	1	1	1
AP2B1	0	0	0	0	1	0	0	0	0	1	1	1
APOBR	0	0	0	0	1	0	0	0	0	1	1	1
APRT	0	0	0	0	1	0	0	0	0	1	1	1
AQP12B	0	0	0	0	1	0	0	0	0	1	1	1
AQP7	0	0	0	0	1	0	0	0	0	1	1	1
ARAP1	0	0	0	0	1	0	0	0	0	1	1	1
ARHGAP31	0	0	0	0	1	0	0	0	0	1	1	1
ARHGEF16	0	0	0	0	1	0	0	0	0	1	1	1
ARHGEF17	0	0	0	0	1	0	0	0	0	1	1	1
ARHGEF38	0	0	0	0	1	0	0	0	0	1	1	1
ARID1B	0	0	1	0	0	0	0	0	0	1	1	1
ARID2	0	0	0	0	1	0	0	0	0	1	1	1
ARID4B	1	0	0	0	0	0	0	0	0	1	1	1
ARMC3	0	0	0	0	1	0	0	0	0	1	1	1
ARMC5	0	0	0	0	1	0	0	0	0	1	1	1
ARMH4	0	0	0	0	1	0	0	0	0	1	1	1
ARVCF	0	0	0	0	1	0	0	0	0	1	1	1
ASAP1	0	0	0	0	1	0	0	0	0	1	1	1
ASB15	0	0	0	0	0	0	0	1	0	1	1	1
ASCL1	0	0	1	0	0	0	0	0	0	1	1	1
ASNSD1	0	0	0	0	0	1	0	0	0	1	1	1
ASPSCR1	0	0	0	0	1	0	0	0	0	1	1	1
ASRGL1	0	0	0	0	1	0	0	0	0	1	1	1
ASTN1	0	0	0	0	1	0	0	0	0	1	1	1
ATIC	0	0	0	0	1	0	0	0	0	1	1	1
ATP10A	0	0	0	0	1	0	0	0	0	1	1	1
ATP13A5	0	0	0	0	1	0	0	0	0	1	1	1
ATP5PB	0	0	1	0	0	0	0	0	0	1	1	1
ATP6V0A1	0	0	0	1	0	0	0	0	0	1	1	1
ATP7A	0	0	0	0	0	0	0	1	0	1	1	1
ATP8B3	0	0	0	0	1	0	0	0	0	1	1	1
ATR	0	0	0	0	1	0	0	0	0	1	1	1
ATXN2L	0	0	0	0	1	0	0	0	0	1	1	1
AUP1	0	0	0	0	1	0	0	0	0	1	1	1
AURKC	0	0	0	0	1	0	0	0	0	1	1	1
AVP	0	0	0	0	1	0	0	0	0	1	1	1
AVPR1A	0	0	0	0	1	0	0	0	0	1	1	1
AZIN1	0	0	0	0	1	0	0	0	0	1	1	1
B3GNT3	0	0	0	0	1	0	0	0	0	1	1	1
BAIAP3	0	0	0	0	1	0	0	0	0	1	1	1
BAZ1A	0	0	0	0	1	0	0	0	0	1	1	1
BAZ2A	0	0	0	1	0	0	0	0	0	1	1	1
BBOX1	0	0	0	0	1	0	0	0	0	1	1	1
BCL11A	0	0	0	0	1	0	0	0	0	1	1	1
BCL9L	0	0	0	0	0	1	0	0	0	1	1	1
BCLAF3	0	0	0	0	1	0	0	0	0	1	1	1
BEND3	0	0	0	0	1	0	0	0	0	1	1	1
BFSP2	0	0	0	0	1	0	0	0	0	1	1	1
BHLHA9	0	0	0	0	1	0	0	0	0	1	1	1
BICDL2	0	0	0	0	1	0	0	0	0	1	1	1
BICRAL	0	0	0	0	1	0	0	0	0	1	1	1
BIRC6	0	0	0	0	0	0	0	1	0	1	1	1
BMP2K	0	0	0	0	1	0	0	0	0	1	1	1
BMP5	0	0	0	0	1	0	0	0	0	1	1	1
BMP6	0	0	0	0	1	0	0	0	0	1	1	1
BMS1	0	0	0	0	1	0	0	0	0	1	1	1
BOK	0	0	0	0	1	0	0	0	0	1	1	1
BPTF	0	0	0	0	1	0	0	0	0	1	1	1
BRCA1	0	0	0	0	1	0	0	0	0	1	1	1
BRD2	0	0	0	0	0	1	0	0	0	1	1	1
BRIP1	0	0	0	0	1	0	0	0	0	1	1	1
BRPF1	0	0	0	0	1	0	0	0	0	1	1	1
BSX	0	0	0	0	1	0	0	0	0	1	1	1
BTBD10	0	0	0	0	1	0	0	0	0	1	1	1
BTN2A1	0	0	0	0	1	0	0	0	0	1	1	1
BTN3A2	0	1	0	0	0	0	0	0	0	1	1	1
BTN3A3	0	0	0	0	1	0	0	0	0	1	1	1
C10orf120	0	0	0	0	1	0	0	0	0	1	1	1
C10orf71	0	0	0	0	1	0	0	0	0	1	1	1
C11orf16	0	0	0	0	1	0	0	0	0	1	1	1
C12orf56	0	0	0	0	1	0	0	0	0	1	1	1
C16orf87	0	0	0	0	1	0	0	0	0	1	1	1
C19orf67	0	0	0	0	1	0	0	0	0	1	1	1
C1QL3	0	0	0	0	1	0	0	0	0	1	1	1
C1QTNF3	0	0	0	0	1	0	0	0	0	1	1	1
C1QTNF9B	0	0	0	0	1	0	0	0	0	1	1	1
C1orf174	0	0	0	0	1	0	0	0	0	1	1	1
C1orf94	0	0	0	0	1	0	0	0	0	1	1	1
C3	0	0	0	0	0	1	0	0	0	1	1	1
C3orf80	0	0	0	0	1	0	0	0	0	1	1	1
C3orf85	0	0	0	0	1	0	0	0	0	1	1	1
C4A	0	0	0	0	1	0	0	0	0	1	1	1
C8A	0	0	0	0	1	0	0	0	0	1	1	1
C9orf43	0	0	0	1	0	0	0	0	0	1	1	1
CA4	0	0	0	0	1	0	0	0	0	1	1	1
CABIN1	0	0	0	0	1	0	0	0	0	1	1	1
CABP1	0	0	0	0	1	0	0	0	0	1	1	1
CACNA1F	0	0	0	0	1	0	0	0	0	1	1	1
CACNA1G	0	0	0	1	0	0	0	0	0	1	1	1
CACNA1I	0	0	1	0	0	0	0	0	0	1	1	1
CALM2	0	0	0	0	0	1	0	0	0	1	1	1
CAMK2G	0	0	0	0	1	0	0	0	0	1	1	1
CAPN1	0	0	0	0	1	0	0	0	0	1	1	1
CARD11	0	0	0	0	1	0	0	0	0	1	1	1
CARM1	0	0	0	0	1	0	0	0	0	1	1	1
CARNMT1	0	0	0	0	1	0	0	0	0	1	1	1
CASC3	0	0	0	0	1	0	0	0	0	1	1	1
CASKIN1	0	0	0	0	1	0	0	0	0	1	1	1
CASZ1	0	0	0	0	1	0	0	0	0	1	1	1
CAVIN4	0	0	0	0	1	0	0	0	0	1	1	1
CCDC138	0	0	0	0	0	1	0	0	0	1	1	1
CCDC142	1	0	0	0	0	0	0	0	0	1	1	1
CCDC146	0	0	0	0	1	0	0	0	0	1	1	1
CCDC15	0	0	0	0	1	0	0	0	0	1	1	1
CCDC36	0	0	0	0	1	0	0	0	0	1	1	1
CCDC39	0	0	0	0	0	1	0	0	0	1	1	1
CCDC42	0	0	0	0	1	0	0	0	0	1	1	1
CCDC54	0	0	0	0	0	1	0	0	0	1	1	1
CCDC66	0	0	0	1	0	0	0	0	0	1	1	1
CCDC7	0	0	0	0	1	0	0	0	0	1	1	1
CCDC74B	0	0	0	0	1	0	0	0	0	1	1	1
CCDC86	0	0	0	0	1	0	0	0	0	1	1	1
CCDC88B	0	0	0	0	1	0	0	0	0	1	1	1
CCL8	0	0	0	0	1	0	0	0	0	1	1	1
CCNA2	0	0	0	0	0	1	0	0	0	1	1	1
CCNY	0	0	0	0	1	0	0	0	0	1	1	1
CD59	0	0	0	0	1	0	0	0	0	1	1	1
CD6	0	0	0	0	1	0	0	0	0	1	1	1
CD84	0	0	0	0	1	0	0	0	0	1	1	1
CD8B	0	0	0	0	1	0	0	0	0	1	1	1
CDC73	0	0	0	0	1	0	0	0	0	1	1	1
CDH12	0	0	0	0	1	0	0	0	0	1	1	1
CDH18	1	0	0	0	0	0	0	0	0	1	1	1
CDH2	0	0	0	0	1	0	0	0	0	1	1	1
CDH7	0	0	0	0	1	0	0	0	0	1	1	1
CDK17	0	0	0	0	1	0	0	0	0	1	1	1
CDK9	0	0	0	0	1	0	0	0	0	1	1	1
CDX4	0	0	0	0	1	0	0	0	0	1	1	1
CEACAM3	0	0	0	0	1	0	0	0	0	1	1	1
CEACAM4	0	0	0	0	1	0	0	0	0	1	1	1
CELSR2	0	0	0	0	1	0	0	0	0	1	1	1
CENPF	0	0	0	0	1	0	0	0	0	1	1	1
CENPW	0	0	0	0	1	0	0	0	0	1	1	1
CEP120	0	0	0	0	1	0	0	0	0	1	1	1
CEP162	1	0	0	0	0	0	0	0	0	1	1	1
CEP170B	0	0	0	0	1	0	0	0	0	1	1	1
CFAP299	0	0	0	0	1	0	0	0	0	1	1	1
CFAP43	0	0	0	0	1	0	0	0	0	1	1	1
CFAP44	0	0	0	0	1	0	0	0	0	1	1	1
CFAP46	0	0	0	0	1	0	0	0	0	1	1	1
CFAP47	0	0	0	0	1	0	0	0	0	1	1	1
CFAP54	0	0	0	0	0	0	0	0	1	1	1	1
CFAP74	0	0	0	0	1	0	0	0	0	1	1	1
CFH	0	0	0	0	0	1	0	0	0	1	1	1
CFHR4	0	0	0	0	1	0	0	0	0	1	1	1
CGNL1	0	0	0	0	1	0	0	0	0	1	1	1
CGRRF1	0	0	0	0	1	0	0	0	0	1	1	1
CHMP1B	0	0	0	0	1	0	0	0	0	1	1	1
CHRNA4	0	0	0	0	1	0	0	0	0	1	1	1
CHRNG	0	0	0	0	1	0	0	0	0	1	1	1
CLCC1	0	0	0	0	1	0	0	0	0	1	1	1
CLCN5	0	0	0	0	1	0	0	0	0	1	1	1
CLEC11A	0	0	0	0	1	0	0	0	0	1	1	1
CLIP2	0	0	0	0	0	1	0	0	0	1	1	1
CLPSL1	0	0	0	0	0	1	0	0	0	1	1	1
CLSPN	0	0	0	0	1	0	0	0	0	1	1	1
CLTCL1	0	0	1	0	0	0	0	0	0	1	1	1
CNDP1	0	0	0	0	1	0	0	0	0	1	1	1
CNGA1	0	0	0	0	1	0	0	0	0	1	1	1
CNRIP1	0	0	0	0	1	0	0	0	0	1	1	1
CNTN4	0	0	0	0	1	0	0	0	0	1	1	1
CNTN6	0	0	0	0	1	0	0	0	0	1	1	1
CNTNAP5	0	0	0	0	1	0	0	0	0	1	1	1
CNTROB	0	0	0	0	1	0	0	0	0	1	1	1
COASY	0	0	0	0	1	0	0	0	0	1	1	1
COBL	0	0	0	0	1	0	0	0	0	1	1	1
COL10A1	0	0	0	0	1	0	0	0	0	1	1	1
COL12A1	0	0	0	0	0	1	0	0	0	1	1	1
COL3A1	0	0	0	0	1	0	0	0	0	1	1	1
COL4A1	0	0	0	1	0	0	0	0	0	1	1	1
COL4A4	1	0	0	0	0	0	0	0	0	1	1	1
COL4A5	0	0	0	0	1	0	0	0	0	1	1	1
COL6A1	0	0	0	0	1	0	0	0	0	1	1	1
COLEC12	0	0	0	0	1	0	0	0	0	1	1	1
COMP	0	0	0	0	1	0	0	0	0	1	1	1
COQ7	0	0	0	0	0	1	0	0	0	1	1	1
CP	0	0	1	0	0	0	0	0	0	1	1	1
CPAMD8	0	0	0	0	1	0	0	0	0	1	1	1
CPSF1	0	0	1	0	0	0	0	0	0	1	1	1
CPXCR1	0	0	0	0	1	0	0	0	0	1	1	1
CR1	0	0	0	0	1	0	0	0	0	1	1	1
CR2	0	0	0	0	1	0	0	0	0	1	1	1
CRBN	0	0	0	0	1	0	0	0	0	1	1	1
CREBBP	0	0	0	0	1	0	0	0	0	1	1	1
CRISP3	0	0	0	0	1	0	0	0	0	1	1	1
CRYGD	0	0	0	0	1	0	0	0	0	1	1	1
CSK	0	0	0	0	1	0	0	0	0	1	1	1
CSMD2	0	0	0	0	1	0	0	0	0	1	1	1
CT45A7	0	0	0	0	0	1	0	0	0	1	1	1
CT47B1	0	0	0	0	1	0	0	0	0	1	1	1
CTNNA2	0	0	0	0	1	0	0	0	0	1	1	1
CTSA	1	0	0	0	0	0	0	0	0	1	1	1
CUL4B	0	0	0	0	1	0	0	0	0	1	1	1
CWC22	0	0	0	0	1	0	0	0	0	1	1	1
CWF19L1	0	0	0	0	1	0	0	0	0	1	1	1
CYP27C1	0	0	0	0	1	0	0	0	0	1	1	1
CYP2A13	0	0	0	0	0	1	0	0	0	1	1	1
CYP46A1	0	0	0	0	1	0	0	0	0	1	1	1
CYP51A1	0	0	0	0	1	0	0	0	0	1	1	1
D2HGDH	0	0	0	0	0	1	0	0	0	1	1	1
DAND5	0	0	0	0	1	0	0	0	0	1	1	1
DAPK1	0	0	0	0	1	0	0	0	0	1	1	1
DAZ2	0	0	0	0	1	0	0	0	0	1	1	1
DCBLD1	0	0	0	0	0	0	0	1	0	1	1	1
DCDC1	0	0	0	0	1	0	0	0	0	1	1	1
DDX20	0	0	0	0	0	1	0	0	0	1	1	1
DDX39A	0	0	0	0	0	1	0	0	0	1	1	1
DDX50	0	0	0	0	1	0	0	0	0	1	1	1
DEAF1	0	0	1	0	0	0	0	0	0	1	1	1
DECR1	0	0	0	0	1	0	0	0	0	1	1	1
DEFB112	0	0	0	0	1	0	0	0	0	1	1	1
DEFB129	0	0	0	0	1	0	0	0	0	1	1	1
DENND1A	0	0	0	0	1	0	0	0	0	1	1	1
DENND2C	0	0	0	0	1	0	0	0	0	1	1	1
DENND3	0	0	0	0	1	0	0	0	0	1	1	1
DEPDC4	1	0	0	0	0	0	0	0	0	1	1	1
DEPDC7	0	0	0	0	1	0	0	0	0	1	1	1
DERA	0	0	0	0	1	0	0	0	0	1	1	1
DHPS	0	0	0	0	1	0	0	0	0	1	1	1
DHX34	0	0	0	0	1	0	0	0	0	1	1	1
DIP2A	0	0	0	0	1	0	0	0	0	1	1	1
DISC1	0	0	0	0	1	0	0	0	0	1	1	1
DLG5	0	0	0	0	1	0	0	0	0	1	1	1
DLGAP4	0	0	0	0	1	0	0	0	0	1	1	1
DMRT1	0	0	0	0	1	0	0	0	0	1	1	1
DMXL2	0	0	0	0	1	0	0	0	0	1	1	1
DNAAF3	0	0	0	0	1	0	0	0	0	1	1	1
DNAH10	0	0	0	0	1	0	0	0	0	1	1	1
DNAH11	0	0	0	0	1	0	0	0	0	1	1	1
DNAH17	0	0	0	0	1	0	0	0	0	1	1	1
DNAH7	0	0	0	0	1	0	0	0	0	1	1	1
DNAH8	0	0	0	0	1	0	0	0	0	1	1	1
DNAJB11	0	0	0	0	1	0	0	0	0	1	1	1
DNAJC30	0	0	0	0	1	0	0	0	0	1	1	1
DND1	0	0	0	0	1	0	0	0	0	1	1	1
DNHD1	0	0	0	0	1	0	0	0	0	1	1	1
DNM2	0	0	0	0	1	0	0	0	0	1	1	1
DNM3	0	0	0	0	1	0	0	0	0	1	1	1
DOCK10	0	0	0	0	1	0	0	0	0	1	1	1
DOK7	0	0	0	0	1	0	0	0	0	1	1	1
DONSON	0	0	0	0	1	0	0	0	0	1	1	1
DOP1B	0	0	0	0	0	1	0	0	0	1	1	1
DPF2	0	0	0	0	1	0	0	0	0	1	1	1
DPP10	0	0	0	0	1	0	0	0	0	1	1	1
DPPA4	0	0	0	0	1	0	0	0	0	1	1	1
DRC1	0	0	0	0	1	0	0	0	0	1	1	1
DSCAML1	0	0	0	0	1	0	0	0	0	1	1	1
DSEL	0	0	0	0	1	0	0	0	0	1	1	1
DSTN	0	1	0	0	0	0	0	0	0	1	1	1
DTL	0	1	0	0	0	0	0	0	0	1	1	1
DTNB	0	0	0	0	1	0	0	0	0	1	1	1
DTX4	0	0	0	0	1	0	0	0	0	1	1	1
DYNC2H1	0	0	0	0	1	0	0	0	0	1	1	1
ECEL1	0	0	0	0	1	0	0	0	0	1	1	1
ECHDC2	0	0	0	0	1	0	0	0	0	1	1	1
EDIL3	0	0	0	0	1	0	0	0	0	1	1	1
EFCAB7	0	0	0	0	1	0	0	0	0	1	1	1
EFHC1	0	0	0	0	1	0	0	0	0	1	1	1
EGF	0	0	0	0	1	0	0	0	0	1	1	1
EIF4G1	0	0	0	0	1	0	0	0	0	1	1	1
EIF5	0	0	0	0	1	0	0	0	0	1	1	1
ELF1	0	0	0	0	1	0	0	0	0	1	1	1
ENDOG	0	0	0	0	1	0	0	0	0	1	1	1
EPG5	0	0	0	0	1	0	0	0	0	1	1	1
EPHB1	0	0	0	0	1	0	0	0	0	1	1	1
EPPK1	0	0	0	0	0	1	0	0	0	1	1	1
ERCC3	0	0	0	0	1	0	0	0	0	1	1	1
ERCC6	0	0	0	0	1	0	0	0	0	1	1	1
ERICH2	0	0	0	0	1	0	0	0	0	1	1	1
ERICH3	0	0	0	0	1	0	0	0	0	1	1	1
ERMP1	0	0	0	0	1	0	0	0	0	1	1	1
ERN2	0	0	0	0	1	0	0	0	0	1	1	1
ERP27	0	0	0	0	1	0	0	0	0	1	1	1
ESPNL	0	0	0	0	1	0	0	0	0	1	1	1
ESRRG	0	0	0	0	1	0	0	0	0	1	1	1
ESYT3	0	0	0	0	1	0	0	0	0	1	1	1
EVC	0	0	0	0	1	0	0	0	0	1	1	1
EXPH5	0	0	0	0	1	0	0	0	0	1	1	1
EXT1	0	0	0	0	1	0	0	0	0	1	1	1
FAM114A1	0	0	0	0	1	0	0	0	0	1	1	1
FAM120B	0	0	0	1	0	0	0	0	0	1	1	1
FAM204A	0	0	0	0	1	0	0	0	0	1	1	1
FAM43B	0	0	0	0	1	0	0	0	0	1	1	1
FAM47B	0	0	0	0	1	0	0	0	0	1	1	1
FAM71A	0	0	0	0	1	0	0	0	0	1	1	1
FAM78B	0	0	0	0	1	0	0	0	0	1	1	1
FAM83B	0	0	0	0	1	0	0	0	0	1	1	1
FAM83H	0	0	1	0	0	0	0	0	0	1	1	1
FAM98A	0	1	0	0	0	0	0	0	0	1	1	1
FAM98C	0	0	0	0	1	0	0	0	0	1	1	1
FAP	0	0	0	0	1	0	0	0	0	1	1	1
FASN	1	0	0	0	0	0	0	0	0	1	1	1
FAT1	1	0	0	0	0	0	0	0	0	1	1	1
FAT4	0	0	0	0	1	0	0	0	0	1	1	1
FBF1	0	0	0	0	1	0	0	0	0	1	1	1
FBN2	0	0	0	0	1	0	0	0	0	1	1	1
FBXO30	0	0	0	0	0	1	0	0	0	1	1	1
FBXO39	0	0	0	0	1	0	0	0	0	1	1	1
FBXO40	0	0	0	0	1	0	0	0	0	1	1	1
FCAR	0	0	0	0	1	0	0	0	0	1	1	1
FCF1	0	0	0	0	1	0	0	0	0	1	1	1
FCGBP	0	0	0	0	1	0	0	0	0	1	1	1
FEZ2	0	0	0	0	1	0	0	0	0	1	1	1
FGD4	0	0	0	0	1	0	0	0	0	1	1	1
FGF18	0	0	0	0	1	0	0	0	0	1	1	1
FGF3	0	0	0	0	1	0	0	0	0	1	1	1
FIS1	0	0	0	0	1	0	0	0	0	1	1	1
FLAD1	0	0	0	0	1	0	0	0	0	1	1	1
FLCN	0	0	0	0	1	0	0	0	0	1	1	1
FLI1	0	0	0	0	1	0	0	0	0	1	1	1
FLOT1	0	0	0	0	1	0	0	0	0	1	1	1
FLVCR2	0	0	0	0	0	1	0	0	0	1	1	1
FMO5	0	0	0	0	1	0	0	0	0	1	1	1
FN3K	0	0	0	0	1	0	0	0	0	1	1	1
FOLH1	0	0	0	0	1	0	0	0	0	1	1	1
FOS	0	1	0	0	0	0	0	0	0	1	1	1
FOXD4L5	0	0	0	0	1	0	0	0	0	1	1	1
FOXL2	1	0	0	0	0	0	0	0	0	1	1	1
FOXO6	0	0	0	0	1	0	0	0	0	1	1	1
FOXP4	0	1	0	0	0	0	0	0	0	1	1	1
FOXQ1	1	0	0	0	0	0	0	0	0	1	1	1
FRG1	0	1	0	0	0	0	0	0	0	1	1	1
FRMPD3	0	0	0	0	1	0	0	0	0	1	1	1
FRMPD4	0	0	0	0	1	0	0	0	0	1	1	1
FRRS1L	0	0	0	0	1	0	0	0	0	1	1	1
FRYL	0	0	0	0	1	0	0	0	0	1	1	1
FTMT	0	0	0	0	0	1	0	0	0	1	1	1
FTSJ3	0	0	0	0	1	0	0	0	0	1	1	1
FUBP1	0	0	0	0	1	0	0	0	0	1	1	1
FUT10	0	0	0	0	1	0	0	0	0	1	1	1
G2E3	0	0	0	0	1	0	0	0	0	1	1	1
GABRA3	0	0	0	0	1	0	0	0	0	1	1	1
GALK2	0	0	0	0	1	0	0	0	0	1	1	1
GALR2	0	0	0	0	1	0	0	0	0	1	1	1
GAS2L2	0	0	0	0	1	0	0	0	0	1	1	1
GASK1B	0	0	0	0	1	0	0	0	0	1	1	1
GATAD1	0	0	0	0	1	0	0	0	0	1	1	1
GCNT2	0	0	0	0	1	0	0	0	0	1	1	1
GDPD3	0	0	0	0	1	0	0	0	0	1	1	1
GFI1	0	0	0	0	0	1	0	0	0	1	1	1
GHR	0	0	0	0	1	0	0	0	0	1	1	1
GHRHR	0	0	0	0	1	0	0	0	0	1	1	1
GIGYF1	0	0	0	0	1	0	0	0	0	1	1	1
GIPC2	0	0	0	0	1	0	0	0	0	1	1	1
GK2	0	0	0	0	0	1	0	0	0	1	1	1
GLB1L2	0	0	0	0	1	0	0	0	0	1	1	1
GLI2	0	0	0	0	1	0	0	0	0	1	1	1
GLI3	0	0	0	0	1	0	0	0	0	1	1	1
GLRA1	0	0	0	0	1	0	0	0	0	1	1	1
GLYATL2	0	0	0	0	1	0	0	0	0	1	1	1
GLYATL3	0	0	0	0	1	0	0	0	0	1	1	1
GNAO1	0	0	0	0	1	0	0	0	0	1	1	1
GNAT3	0	0	0	0	1	0	0	0	0	1	1	1
GNB1	0	0	0	0	1	0	0	0	0	1	1	1
GNB2	0	0	0	0	1	0	0	0	0	1	1	1
GNS	0	0	0	0	1	0	0	0	0	1	1	1
GOLGA6D	0	0	0	0	1	0	0	0	0	1	1	1
GOLGA8J	0	0	0	0	1	0	0	0	0	1	1	1
GOLGB1	0	0	0	0	1	0	0	0	0	1	1	1
GOLIM4	0	0	0	0	1	0	0	0	0	1	1	1
GP2	0	0	0	0	1	0	0	0	0	1	1	1
GPHN	0	0	0	0	0	0	1	0	0	1	1	1
GPIHBP1	0	0	0	0	1	0	0	0	0	1	1	1
GPR101	0	0	0	0	1	0	0	0	0	1	1	1
GPR108	0	0	0	0	0	1	0	0	0	1	1	1
GPR52	0	0	0	0	1	0	0	0	0	1	1	1
GPR61	0	0	0	0	1	0	0	0	0	1	1	1
GPR68	0	0	0	0	1	0	0	0	0	1	1	1
GPR75	0	0	0	0	1	0	0	0	0	1	1	1
GRAMD1B	0	0	0	0	1	0	0	0	0	1	1	1
GRIA3	0	1	0	0	0	0	0	0	0	1	1	1
GRIA4	0	0	0	0	1	0	0	0	0	1	1	1
GRM7	0	0	0	0	0	1	0	0	0	1	1	1
GRM8	0	0	0	0	1	0	0	0	0	1	1	1
GRXCR1	0	0	0	0	0	1	0	0	0	1	1	1
GSDME	0	0	0	0	1	0	0	0	0	1	1	1
GSG1L2	0	0	0	0	1	0	0	0	0	1	1	1
GSPT1	0	0	1	0	0	0	0	0	0	1	1	1
GSTA4	0	0	0	0	1	0	0	0	0	1	1	1
GUCA1C	0	1	0	0	0	0	0	0	0	1	1	1
GUCD1	0	0	0	0	1	0	0	0	0	1	1	1
GVQW3	0	0	0	0	0	1	0	0	0	1	1	1
GYS2	0	0	0	0	1	0	0	0	0	1	1	1
H1FOO	0	0	0	0	1	0	0	0	0	1	1	1
H2AC12	0	0	0	0	1	0	0	0	0	1	1	1
HBB	0	1	0	0	0	0	0	0	0	1	1	1
HDAC6	0	0	0	0	1	0	0	0	0	1	1	1
HEATR5B	0	1	0	0	0	0	0	0	0	1	1	1
HECTD2	0	0	0	0	1	0	0	0	0	1	1	1
HECTD4	0	0	0	0	1	0	0	0	0	1	1	1
HELZ2	0	0	0	0	1	0	0	0	0	1	1	1
HEPACAM	0	1	0	0	0	0	0	0	0	1	1	1
HGF	0	0	0	0	1	0	0	0	0	1	1	1
HGSNAT	0	0	0	0	1	0	0	0	0	1	1	1
HIST1H3F	0	0	0	0	1	0	0	0	0	1	1	1
HIST1H4D	0	0	0	0	1	0	0	0	0	1	1	1
HJV	0	0	0	0	1	0	0	0	0	1	1	1
HK3	0	0	0	0	1	0	0	0	0	1	1	1
HKDC1	0	0	0	0	1	0	0	0	0	1	1	1
HLA-C	0	0	0	0	1	0	0	0	0	1	1	1
HLA-DQA1	0	0	0	0	1	0	0	0	0	1	1	1
HLA-DQB1	0	0	0	0	1	0	0	0	0	1	1	1
HLA-DRB5	0	0	0	0	1	0	0	0	0	1	1	1
HLTF	0	0	0	0	1	0	0	0	0	1	1	1
HLX	0	0	0	0	1	0	0	0	0	1	1	1
HMCN1	0	0	0	0	1	0	0	0	0	1	1	1
HOOK3	0	0	0	0	1	0	0	0	0	1	1	1
HOXB8	0	0	0	0	1	0	0	0	0	1	1	1
HOXD13	0	0	0	0	1	0	0	0	0	1	1	1
HR	0	0	0	0	1	0	0	0	0	1	1	1
HRNR	0	0	0	0	1	0	0	0	0	1	1	1
HS6ST3	0	0	0	0	1	0	0	0	0	1	1	1
HSD17B4	0	0	0	0	1	0	0	0	0	1	1	1
HSP90B1	0	0	0	0	0	0	0	1	0	1	1	1
HSPA1L	0	0	0	0	1	0	0	0	0	1	1	1
HTATIP2	0	0	0	0	1	0	0	0	0	1	1	1
HTR1F	0	0	0	0	1	0	0	0	0	1	1	1
HTR7	0	0	0	0	1	0	0	0	0	1	1	1
HTRA4	0	0	0	0	1	0	0	0	0	1	1	1
ICE1	0	0	0	0	1	0	0	0	0	1	1	1
IDE	0	0	0	0	1	0	0	0	0	1	1	1
IFNG	0	0	0	0	1	0	0	0	0	1	1	1
IFNGR1	0	0	0	1	0	0	0	0	0	1	1	1
IGDCC3	0	0	0	0	1	0	0	0	0	1	1	1
IGSF1	0	0	0	0	1	0	0	0	0	1	1	1
IGSF9B	0	0	0	0	1	0	0	0	0	1	1	1
IL12B	0	0	0	0	1	0	0	0	0	1	1	1
IL23R	0	0	0	0	0	1	0	0	0	1	1	1
IL34	0	0	0	0	1	0	0	0	0	1	1	1
INO80C	0	0	0	0	1	0	0	0	0	1	1	1
INPP5F	0	0	0	0	0	1	0	0	0	1	1	1
INPPL1	0	0	0	0	1	0	0	0	0	1	1	1
INSR	0	0	0	0	0	1	0	0	0	1	1	1
INTS5	0	0	0	0	1	0	0	0	0	1	1	1
IPO7	0	0	0	0	0	1	0	0	0	1	1	1
IPO8	0	0	0	0	1	0	0	0	0	1	1	1
IQCH	0	0	0	0	1	0	0	0	0	1	1	1
IQSEC2	0	0	0	0	1	0	0	0	0	1	1	1
IQSEC3	0	1	0	0	0	0	0	0	0	1	1	1
IRAK3	0	0	0	0	1	0	0	0	0	1	1	1
IREB2	0	0	0	0	0	1	0	0	0	1	1	1
IRF2BPL	0	0	0	0	1	0	0	0	0	1	1	1
IRF7	0	0	1	0	0	0	0	0	0	1	1	1
IRS2	0	0	0	0	1	0	0	0	0	1	1	1
IRX6	0	0	0	0	0	1	0	0	0	1	1	1
ISOC2	0	0	0	0	1	0	0	0	0	1	1	1
ITGB4	0	0	0	0	1	0	0	0	0	1	1	1
ITIH1	0	0	0	0	1	0	0	0	0	1	1	1
ITPKC	0	0	0	0	1	0	0	0	0	1	1	1
IWS1	0	0	0	0	1	0	0	0	0	1	1	1
JAZF1	0	0	0	0	1	0	0	0	0	1	1	1
JMJD4	0	0	0	0	1	0	0	0	0	1	1	1
JMY	0	0	0	0	1	0	0	0	0	1	1	1
KAT6A	0	0	0	0	1	0	0	0	0	1	1	1
KATNAL2	0	0	0	1	0	0	0	0	0	1	1	1
KATNB1	0	0	0	0	1	0	0	0	0	1	1	1
KBTBD6	0	0	0	0	1	0	0	0	0	1	1	1
KCNC3	0	0	0	0	1	0	0	0	0	1	1	1
KCND3	0	0	0	0	1	0	0	0	0	1	1	1
KCNE5	0	0	0	0	1	0	0	0	0	1	1	1
KCNK15	0	0	0	0	1	0	0	0	0	1	1	1
KCNK9	0	0	0	0	1	0	0	0	0	1	1	1
KCNQ4	0	0	0	0	1	0	0	0	0	1	1	1
KCNV1	0	1	0	0	0	0	0	0	0	1	1	1
KCTD7	0	0	0	0	1	0	0	0	0	1	1	1
KCTD8	0	0	0	0	1	0	0	0	0	1	1	1
KDM1A	0	0	0	0	1	0	0	0	0	1	1	1
KDM2B	0	0	0	0	1	0	0	0	0	1	1	1
KDM3A	0	0	0	0	1	0	0	0	0	1	1	1
KDM5A	0	0	0	0	1	0	0	0	0	1	1	1
KDM6B	0	0	0	0	1	0	0	0	0	1	1	1
KIAA0825	0	0	0	0	1	0	0	0	0	1	1	1
KIAA1109	0	0	0	0	1	0	0	0	0	1	1	1
KIAA1211L	0	0	0	0	1	0	0	0	0	1	1	1
KIAA1324L	0	0	0	0	0	0	0	1	0	1	1	1
KIAA1671	0	0	0	0	1	0	0	0	0	1	1	1
KIAA1755	0	0	0	0	1	0	0	0	0	1	1	1
KIAA2026	0	0	0	0	1	0	0	0	0	1	1	1
KIF5A	0	0	0	0	1	0	0	0	0	1	1	1
KLC4	0	0	0	0	0	1	0	0	0	1	1	1
KLHL25	0	0	0	0	1	0	0	0	0	1	1	1
KLHL34	0	0	0	0	1	0	0	0	0	1	1	1
KLHL35	0	0	0	0	1	0	0	0	0	1	1	1
KLHL36	0	0	0	0	1	0	0	0	0	1	1	1
KLHL7	0	0	0	0	1	0	0	0	0	1	1	1
KLK7	0	0	0	0	1	0	0	0	0	1	1	1
KRT16	0	0	0	0	1	0	0	0	0	1	1	1
KRT17	0	0	0	0	1	0	0	0	0	1	1	1
KRT84	0	0	0	0	1	0	0	0	0	1	1	1
KRTAP12-1	0	0	0	0	1	0	0	0	0	1	1	1
KRTAP4-4	0	0	1	0	0	0	0	0	0	1	1	1
LAMA1	0	0	0	0	1	0	0	0	0	1	1	1
LAMA2	0	0	0	0	1	0	0	0	0	1	1	1
LAMB3	0	0	0	0	0	1	0	0	0	1	1	1
LATS2	0	0	0	0	1	0	0	0	0	1	1	1
LCE1A	1	0	0	0	0	0	0	0	0	1	1	1
LCP2	0	0	0	0	1	0	0	0	0	1	1	1
LDHD	0	0	0	0	1	0	0	0	0	1	1	1
LGR4	0	0	0	0	1	0	0	0	0	1	1	1
LHX6	0	0	0	0	1	0	0	0	0	1	1	1
LIMK1	0	0	0	0	1	0	0	0	0	1	1	1
LIN28B	0	0	0	0	1	0	0	0	0	1	1	1
LIN7C	0	0	0	0	1	0	0	0	0	1	1	1
LIPH	0	0	0	0	1	0	0	0	0	1	1	1
LMLN	0	0	0	0	1	0	0	0	0	1	1	1
LMNB2	0	0	0	0	1	0	0	0	0	1	1	1
LMOD3	0	0	0	0	1	0	0	0	0	1	1	1
LMTK3	0	0	0	0	1	0	0	0	0	1	1	1
LOC100129484	0	0	0	0	0	1	0	0	0	1	1	1
LOC105369274	0	0	0	0	1	0	0	0	0	1	1	1
LRATD1	0	0	0	0	0	1	0	0	0	1	1	1
LRFN5	0	0	0	0	1	0	0	0	0	1	1	1
LRP1	0	0	0	0	1	0	0	0	0	1	1	1
LRP2	0	0	0	0	1	0	0	0	0	1	1	1
LRP5	0	0	0	0	1	0	0	0	0	1	1	1
LRRC25	0	0	0	0	1	0	0	0	0	1	1	1
LRRC31	0	0	0	0	0	1	0	0	0	1	1	1
LRRC43	0	0	0	0	1	0	0	0	0	1	1	1
LRRC61	0	0	0	0	1	0	0	0	0	1	1	1
LRRC66	0	0	0	0	1	0	0	0	0	1	1	1
LRRIQ3	0	0	0	0	1	0	0	0	0	1	1	1
LRRIQ4	0	0	0	0	1	0	0	0	0	1	1	1
LY75	0	0	0	0	1	0	0	0	0	1	1	1
MAB21L1	0	0	0	0	1	0	0	0	0	1	1	1
MAGEA11	0	0	0	0	1	0	0	0	0	1	1	1
MAGEB18	0	0	0	0	1	0	0	0	0	1	1	1
MAGEB4	0	0	0	0	1	0	0	0	0	1	1	1
MAGED1	0	0	0	0	1	0	0	0	0	1	1	1
MAGEL2	0	0	0	0	1	0	0	0	0	1	1	1
MALSU1	0	0	0	0	1	0	0	0	0	1	1	1
MAML1	0	0	0	0	1	0	0	0	0	1	1	1
MAML2	0	0	0	0	1	0	0	0	0	1	1	1
MANEAL	0	0	0	0	0	1	0	0	0	1	1	1
MAP1S	0	0	0	0	1	0	0	0	0	1	1	1
MAP3K19	0	0	0	0	1	0	0	0	0	1	1	1
MAPK1	0	0	0	0	1	0	0	0	0	1	1	1
MAPK11	0	0	0	0	1	0	0	0	0	1	1	1
MAPK8IP3	0	0	0	0	1	0	0	0	0	1	1	1
MAST1	0	0	0	0	1	0	0	0	0	1	1	1
MBD5	0	0	0	0	1	0	0	0	0	1	1	1
MBOAT4	0	0	0	0	1	0	0	0	0	1	1	1
MBTPS1	0	0	0	0	1	0	0	0	0	1	1	1
MCCC2	0	0	0	0	1	0	0	0	0	1	1	1
MCF2	0	0	0	0	1	0	0	0	0	1	1	1
MCF2L	0	0	0	0	1	0	0	0	0	1	1	1
MCM2	0	0	0	0	0	1	0	0	0	1	1	1
MCOLN1	0	0	0	0	1	0	0	0	0	1	1	1
MCTP2	1	0	0	0	0	0	0	0	0	1	1	1
MECOM	0	0	0	0	1	0	0	0	0	1	1	1
MED1	0	0	0	0	1	0	0	0	0	1	1	1
MEIS1	0	0	0	0	1	0	0	0	0	1	1	1
MET	0	0	0	0	1	0	0	0	0	1	1	1
MFSD10	0	0	0	0	1	0	0	0	0	1	1	1
MGAM	0	0	0	0	1	0	0	0	0	1	1	1
MGAT5	0	0	0	0	1	0	0	0	0	1	1	1
MICALCL	0	0	1	0	0	0	0	0	0	1	1	1
MLH3	0	0	0	0	1	0	0	0	0	1	1	1
MLYCD	0	0	0	0	1	0	0	0	0	1	1	1
MMP16	0	0	0	0	1	0	0	0	0	1	1	1
MMP17	0	0	0	1	0	0	0	0	0	1	1	1
MMP2	0	0	0	0	1	0	0	0	0	1	1	1
MNDA	0	0	0	0	1	0	0	0	0	1	1	1
MON1B	0	0	0	0	1	0	0	0	0	1	1	1
MOS	0	0	0	0	1	0	0	0	0	1	1	1
MOV10L1	0	0	0	0	1	0	0	0	0	1	1	1
MPHOSPH10	0	0	0	0	1	0	0	0	0	1	1	1
MPPE1	0	0	0	0	1	0	0	0	0	1	1	1
MRPL12	0	0	0	0	0	1	0	0	0	1	1	1
MRPL58	0	0	0	0	0	0	0	1	0	1	1	1
MS4A8	0	0	0	0	1	0	0	0	0	1	1	1
MSANTD3-TMEFF1	0	0	0	0	1	0	0	0	0	1	1	1
MSH6	0	0	0	0	1	0	0	0	0	1	1	1
MTA1	0	0	0	0	0	0	0	1	0	1	1	1
MTCL1	0	0	0	0	1	0	0	0	0	1	1	1
MTFMT	0	0	0	0	0	1	0	0	0	1	1	1
MTHFD1L	0	0	0	0	1	0	0	0	0	1	1	1
MTMR8	0	0	0	0	1	0	0	0	0	1	1	1
MTRR	0	0	0	0	1	0	0	0	0	1	1	1
MUC1	0	0	1	0	0	0	0	0	0	1	1	1
MUC6	0	0	0	0	1	0	0	0	0	1	1	1
MYADM	0	0	0	0	1	0	0	0	0	1	1	1
MYEOV	0	0	0	0	1	0	0	0	0	1	1	1
MYH10	0	0	0	0	1	0	0	0	0	1	1	1
MYH14	0	0	0	0	0	1	0	0	0	1	1	1
MYH2	0	0	0	0	1	0	0	0	0	1	1	1
MYH3	0	0	0	0	1	0	0	0	0	1	1	1
MYH7B	0	0	0	0	1	0	0	0	0	1	1	1
MYL12A	0	0	0	0	1	0	0	0	0	1	1	1
MYO10	0	0	0	0	0	1	0	0	0	1	1	1
MYO16	0	0	0	0	1	0	0	0	0	1	1	1
MYO1E	0	0	0	0	1	0	0	0	0	1	1	1
MYO1G	0	0	0	0	1	0	0	0	0	1	1	1
MYO3A	0	0	0	0	1	0	0	0	0	1	1	1
MYO7A	0	0	0	0	1	0	0	0	0	1	1	1
MYRF	0	0	0	0	1	0	0	0	0	1	1	1
MYT1L	0	0	0	0	1	0	0	0	0	1	1	1
NAA15	0	0	0	0	1	0	0	0	0	1	1	1
NAA25	0	0	0	0	1	0	0	0	0	1	1	1
NAGS	0	0	0	0	1	0	0	0	0	1	1	1
NAP1L2	0	0	0	0	1	0	0	0	0	1	1	1
NAP1L5	0	0	0	0	1	0	0	0	0	1	1	1
NBPF10	0	0	0	0	1	0	0	0	0	1	1	1
NBPF15	0	0	0	0	1	0	0	0	0	1	1	1
NCSTN	0	0	0	0	1	0	0	0	0	1	1	1
NDRG2	0	0	0	0	1	0	0	0	0	1	1	1
NDUFV1	0	0	0	0	1	0	0	0	0	1	1	1
NDUFV3	0	0	0	0	1	0	0	0	0	1	1	1
NEB	0	0	0	0	1	0	0	0	0	1	1	1
NECAB2	0	0	0	0	1	0	0	0	0	1	1	1
NECTIN2	0	1	0	0	0	0	0	0	0	1	1	1
NEK4	0	0	0	0	1	0	0	0	0	1	1	1
NEK6	0	0	0	0	1	0	0	0	0	1	1	1
NEMF	0	0	0	0	1	0	0	0	0	1	1	1
NEXMIF	0	0	0	0	1	0	0	0	0	1	1	1
NFATC3	0	0	0	0	1	0	0	0	0	1	1	1
NHS	0	0	0	0	1	0	0	0	0	1	1	1
NIBAN3	0	0	0	0	1	0	0	0	0	1	1	1
NID2	0	0	0	0	1	0	0	0	0	1	1	1
NIPBL	0	0	0	0	1	0	0	0	0	1	1	1
NKD2	0	0	0	0	1	0	0	0	0	1	1	1
NLRP3	0	0	0	0	1	0	0	0	0	1	1	1
NLRP7	0	0	0	0	1	0	0	0	0	1	1	1
NME8	0	0	0	0	1	0	0	0	0	1	1	1
NMRK1	0	0	0	0	1	0	0	0	0	1	1	1
NOC4L	0	0	0	0	1	0	0	0	0	1	1	1
NOP56	0	0	0	0	1	0	0	0	0	1	1	1
NOS2	0	0	0	0	1	0	0	0	0	1	1	1
NOTCH4	0	0	0	0	1	0	0	0	0	1	1	1
NOVA2	0	0	1	0	0	0	0	0	0	1	1	1
NOX5	0	0	0	0	1	0	0	0	0	1	1	1
NOXO1	0	0	0	0	1	0	0	0	0	1	1	1
NPAP1	0	0	0	0	1	0	0	0	0	1	1	1
NPEPL1	0	0	0	0	1	0	0	0	0	1	1	1
NPHP1	0	0	0	0	1	0	0	0	0	1	1	1
NPY5R	0	0	0	0	1	0	0	0	0	1	1	1
NR1H2	0	0	0	0	1	0	0	0	0	1	1	1
NR3C2	0	0	0	0	1	0	0	0	0	1	1	1
NRBP1	0	0	0	0	1	0	0	0	0	1	1	1
NRIP3	0	0	0	0	1	0	0	0	0	1	1	1
NSMAF	0	0	0	0	1	0	0	0	0	1	1	1
NUDC	0	0	0	0	1	0	0	0	0	1	1	1
NUDCD1	0	0	0	0	1	0	0	0	0	1	1	1
NUP188	1	0	0	0	0	0	0	0	0	1	1	1
NUP205	0	0	0	0	1	0	0	0	0	1	1	1
NWD2	0	0	0	0	1	0	0	0	0	1	1	1
NXPE1	0	0	0	0	1	0	0	0	0	1	1	1
NYAP2	0	0	0	0	1	0	0	0	0	1	1	1
OAT	1	0	0	0	0	0	0	0	0	1	1	1
OC90	0	0	0	0	1	0	0	0	0	1	1	1
ODR4	0	0	0	0	1	0	0	0	0	1	1	1
OGN	0	0	0	0	0	1	0	0	0	1	1	1
OLFML1	0	0	0	0	1	0	0	0	0	1	1	1
ONECUT3	0	0	0	0	1	0	0	0	0	1	1	1
OPRM1	0	0	0	0	1	0	0	0	0	1	1	1
OR10G4	0	0	0	0	1	0	0	0	0	1	1	1
OR13J1	0	0	0	0	1	0	0	0	0	1	1	1
OR14J1	0	0	0	0	1	0	0	0	0	1	1	1
OR1S1	0	0	0	0	1	0	0	0	0	1	1	1
OR2B3	0	0	0	0	1	0	0	0	0	1	1	1
OR2B6	0	0	0	0	1	0	0	0	0	1	1	1
OR2H1	0	0	0	0	1	0	0	0	0	1	1	1
OR2H2	0	0	0	0	1	0	0	0	0	1	1	1
OR2W5	0	0	0	0	1	0	0	0	0	1	1	1
OR4C15	0	0	0	0	1	0	0	0	0	1	1	1
OR4D11	0	0	0	0	1	0	0	0	0	1	1	1
OR51B5	0	0	0	0	1	0	0	0	0	1	1	1
OR51E1	0	0	0	0	1	0	0	0	0	1	1	1
OR51E2	0	0	0	0	1	0	0	0	0	1	1	1
OR51F1	0	0	0	0	0	0	1	0	0	1	1	1
OR51J1	1	0	0	0	0	0	0	0	0	1	1	1
OR51V1	0	0	0	0	1	0	0	0	0	1	1	1
OR52A1	0	0	0	0	1	0	0	0	0	1	1	1
OR52D1	0	0	0	0	1	0	0	0	0	1	1	1
OR52E6	0	0	0	0	1	0	0	0	0	1	1	1
OR52K2	0	0	0	0	0	1	0	0	0	1	1	1
OR52W1	0	0	0	0	1	0	0	0	0	1	1	1
OR52Z1	0	0	0	0	1	0	0	0	0	1	1	1
OR56B1	0	0	0	0	1	0	0	0	0	1	1	1
OR5AK2	0	0	0	0	1	0	0	0	0	1	1	1
OR5B21	0	0	0	0	1	0	0	0	0	1	1	1
OR5M1	0	0	0	0	1	0	0	0	0	1	1	1
OR5T2	0	0	0	0	1	0	0	0	0	1	1	1
OR5V1	0	0	0	0	1	0	0	0	0	1	1	1
OR8D2	0	0	0	0	1	0	0	0	0	1	1	1
OR9G1	0	0	0	0	1	0	0	0	0	1	1	1
OR9G4	0	0	0	0	1	0	0	0	0	1	1	1
OSBP	0	0	0	0	1	0	0	0	0	1	1	1
OSBPL2	0	0	0	0	0	0	1	0	0	1	1	1
OTC	0	0	0	0	1	0	0	0	0	1	1	1
OTOGL	0	0	0	0	1	0	0	0	0	1	1	1
OVOL1	0	0	0	0	1	0	0	0	0	1	1	1
OXER1	0	0	0	0	1	0	0	0	0	1	1	1
P2RX2	0	0	0	0	1	0	0	0	0	1	1	1
P2RX7	0	0	0	0	1	0	0	0	0	1	1	1
PABPC5	0	0	0	0	1	0	0	0	0	1	1	1
PADI4	0	0	0	0	1	0	0	0	0	1	1	1
PAPPA2	0	0	0	0	1	0	0	0	0	1	1	1
PAQR3	0	0	0	0	1	0	0	0	0	1	1	1
PARP10	0	0	0	0	1	0	0	0	0	1	1	1
PATJ	0	0	0	0	1	0	0	0	0	1	1	1
PAX8	0	0	0	0	1	0	0	0	0	1	1	1
PBLD	0	0	0	0	1	0	0	0	0	1	1	1
PCBP1	0	0	0	0	1	0	0	0	0	1	1	1
PCDH8	0	0	0	0	1	0	0	0	0	1	1	1
PCDHA12	0	0	0	0	1	0	0	0	0	1	1	1
PCDHA5	0	0	0	0	1	0	0	0	0	1	1	1
PCDHB1	0	0	0	0	1	0	0	0	0	1	1	1
PCDHB12	0	0	0	0	1	0	0	0	0	1	1	1
PCDHB13	0	0	0	0	1	0	0	0	0	1	1	1
PCDHGA10	0	0	0	0	1	0	0	0	0	1	1	1
PCDHGA12	1	0	0	0	0	0	0	0	0	1	1	1
PCDHGA9	0	0	0	0	1	0	0	0	0	1	1	1
PCED1B	0	0	0	0	1	0	0	0	0	1	1	1
PCNT	0	0	0	0	1	0	0	0	0	1	1	1
PCYOX1	0	0	0	0	1	0	0	0	0	1	1	1
PDCL3	0	0	0	0	0	1	0	0	0	1	1	1
PDE12	0	0	0	0	1	0	0	0	0	1	1	1
PDE4B	0	0	0	0	1	0	0	0	0	1	1	1
PDGFRB	0	0	0	0	1	0	0	0	0	1	1	1
PDHX	0	0	0	0	1	0	0	0	0	1	1	1
PDIA4	0	0	0	0	1	0	0	0	0	1	1	1
PELI1	0	0	0	0	1	0	0	0	0	1	1	1
PEX11B	0	0	0	0	1	0	0	0	0	1	1	1
PEX7	0	0	0	0	1	0	0	0	0	1	1	1
PGAP6	0	0	0	0	1	0	0	0	0	1	1	1
PGBD4	0	0	0	0	1	0	0	0	0	1	1	1
PGK1	0	1	0	0	0	0	0	0	0	1	1	1
PGRMC1	0	0	0	0	1	0	0	0	0	1	1	1
PHACTR2	0	0	0	0	1	0	0	0	0	1	1	1
PHETA1	1	0	0	0	0	0	0	0	0	1	1	1
PHF3	0	0	0	0	1	0	0	0	0	1	1	1
PHIP	0	0	0	0	1	0	0	0	0	1	1	1
PHKG1	0	0	0	0	1	0	0	0	0	1	1	1
PHLDB2	0	0	0	0	1	0	0	0	0	1	1	1
PHTF1	0	0	0	0	1	0	0	0	0	1	1	1
PIAS2	0	0	0	0	1	0	0	0	0	1	1	1
PIBF1	0	0	0	0	1	0	0	0	0	1	1	1
PICALM	0	0	0	0	1	0	0	0	0	1	1	1
PIEZO1	0	0	0	0	0	0	0	1	0	1	1	1
PIEZO2	0	0	0	0	1	0	0	0	0	1	1	1
PIGR	0	0	0	0	1	0	0	0	0	1	1	1
PIK3C2A	0	0	0	0	1	0	0	0	0	1	1	1
PIK3IP1	0	0	0	0	1	0	0	0	0	1	1	1
PITPNM2	0	0	1	0	0	0	0	0	0	1	1	1
PKN2	0	0	0	0	1	0	0	0	0	1	1	1
PKP3	0	0	0	0	1	0	0	0	0	1	1	1
PLA1A	0	0	0	0	1	0	0	0	0	1	1	1
PLA2G12B	0	0	0	0	1	0	0	0	0	1	1	1
PLAA	0	0	0	0	0	1	0	0	0	1	1	1
PLAAT5	0	0	0	0	1	0	0	0	0	1	1	1
PLEKHA1	0	0	0	0	1	0	0	0	0	1	1	1
PLEKHJ1	0	0	0	0	1	0	0	0	0	1	1	1
PLK1	0	0	0	0	1	0	0	0	0	1	1	1
PLS1	0	0	0	0	1	0	0	0	0	1	1	1
PLSCR2	0	0	0	0	1	0	0	0	0	1	1	1
PLSCR5	0	0	0	0	1	0	0	0	0	1	1	1
PLXNA3	0	0	0	1	0	0	0	0	0	1	1	1
PLXNB1	0	0	0	0	1	0	0	0	0	1	1	1
PLXNB2	0	0	0	0	0	1	0	0	0	1	1	1
PMM1	0	0	0	0	0	0	0	1	0	1	1	1
PMS2	0	0	0	0	1	0	0	0	0	1	1	1
PNLIP	0	0	0	0	1	0	0	0	0	1	1	1
POGZ	0	0	0	0	1	0	0	0	0	1	1	1
POLE2	0	0	0	0	1	0	0	0	0	1	1	1
POLR1B	0	0	0	0	1	0	0	0	0	1	1	1
POLR2A	0	0	0	0	1	0	0	0	0	1	1	1
POMGNT1	0	0	0	0	1	0	0	0	0	1	1	1
POTEC	0	0	0	0	1	0	0	0	0	1	1	1
PPARA	0	0	0	0	1	0	0	0	0	1	1	1
PPARGC1A	0	0	0	0	1	0	0	0	0	1	1	1
PPFIA1	0	0	0	0	0	1	0	0	0	1	1	1
PPFIA2	0	0	0	0	1	0	0	0	0	1	1	1
PPIB	0	0	0	0	1	0	0	0	0	1	1	1
PPIE	0	0	0	0	1	0	0	0	0	1	1	1
PPIP5K2	0	0	0	0	1	0	0	0	0	1	1	1
PPM1F	0	0	0	0	1	0	0	0	0	1	1	1
PPM1G	0	0	0	0	1	0	0	0	0	1	1	1
PPM1J	0	0	0	0	1	0	0	0	0	1	1	1
PPP1R3A	0	0	0	0	1	0	0	0	0	1	1	1
PPP1R3F	0	0	1	0	0	0	0	0	0	1	1	1
PPP1R9A	0	0	0	0	1	0	0	0	0	1	1	1
PPP3CB	0	0	0	0	0	1	0	0	0	1	1	1
PPP4R3C	0	0	1	0	0	0	0	0	0	1	1	1
PRDM1	0	0	0	0	1	0	0	0	0	1	1	1
PRDM14	0	0	0	0	1	0	0	0	0	1	1	1
PRDM15	0	0	0	0	1	0	0	0	0	1	1	1
PRDM16	0	0	0	0	1	0	0	0	0	1	1	1
PREX2	0	0	0	0	1	0	0	0	0	1	1	1
PRKCG	0	0	0	0	1	0	0	0	0	1	1	1
PRM3	0	0	0	0	1	0	0	0	0	1	1	1
PRMT7	0	0	0	0	1	0	0	0	0	1	1	1
PROKR2	0	0	0	0	1	0	0	0	0	1	1	1
PRPF18	0	0	0	0	1	0	0	0	0	1	1	1
PRPF40A	0	0	0	0	1	0	0	0	0	1	1	1
PRPF4B	0	0	0	0	1	0	0	0	0	1	1	1
PRSS22	0	0	0	0	1	0	0	0	0	1	1	1
PSMA2	0	0	0	0	1	0	0	0	0	1	1	1
PSMD11	0	0	0	0	1	0	0	0	0	1	1	1
PSTK	0	0	0	0	1	0	0	0	0	1	1	1
PTEN	0	0	0	0	1	0	0	0	0	1	1	1
PTPN4	0	1	0	0	0	0	0	0	0	1	1	1
PTPRG	0	0	0	0	1	0	0	0	0	1	1	1
PTPRN2	0	0	0	0	1	0	0	0	0	1	1	1
PTX4	0	0	0	0	1	0	0	0	0	1	1	1
PXDNL	0	0	0	0	1	0	0	0	0	1	1	1
QRICH2	0	0	0	0	1	0	0	0	0	1	1	1
QSOX1	0	0	0	0	1	0	0	0	0	1	1	1
RAB34	0	0	0	0	0	1	0	0	0	1	1	1
RAB43	0	0	0	0	1	0	0	0	0	1	1	1
RAD54B	0	0	0	0	1	0	0	0	0	1	1	1
RAG2	1	0	0	0	0	0	0	0	0	1	1	1
RANBP17	0	0	0	0	1	0	0	0	0	1	1	1
RANBP2	0	0	0	0	1	0	0	0	0	1	1	1
RANBP3L	0	0	0	0	1	0	0	0	0	1	1	1
RASA2	0	0	0	0	1	0	0	0	0	1	1	1
RASGEF1C	0	0	0	0	1	0	0	0	0	1	1	1
RASGRP1	0	0	0	0	1	0	0	0	0	1	1	1
RASGRP2	0	1	0	0	0	0	0	0	0	1	1	1
RASL10A	0	0	0	0	1	0	0	0	0	1	1	1
RBM41	0	0	0	0	1	0	0	0	0	1	1	1
RBM6	0	0	0	0	1	0	0	0	0	1	1	1
RBMXL3	0	0	0	0	1	0	0	0	0	1	1	1
RCBTB1	0	0	0	0	1	0	0	0	0	1	1	1
REG3A	0	0	0	0	1	0	0	0	0	1	1	1
REPS2	0	0	0	0	1	0	0	0	0	1	1	1
RESP18	0	0	0	0	1	0	0	0	0	1	1	1
RETREG1	0	0	0	1	0	0	0	0	0	1	1	1
REXO1	0	0	0	0	1	0	0	0	0	1	1	1
RFC1	0	0	0	0	1	0	0	0	0	1	1	1
RGS22	0	0	0	0	1	0	0	0	0	1	1	1
RHBDF1	0	0	0	0	1	0	0	0	0	1	1	1
RIF1	1	0	0	0	0	0	0	0	0	1	1	1
RIMKLA	0	0	0	0	1	0	0	0	0	1	1	1
RIMS1	0	0	0	0	0	1	0	0	0	1	1	1
RINT1	0	0	0	0	1	0	0	0	0	1	1	1
RNASE2	0	0	0	0	1	0	0	0	0	1	1	1
RNF187	1	0	0	0	0	0	0	0	0	1	1	1
RNF19A	0	0	0	1	0	0	0	0	0	1	1	1
RNF215	0	0	0	0	1	0	0	0	0	1	1	1
RNF220	0	1	0	0	0	0	0	0	0	1	1	1
RNF26	0	0	0	0	1	0	0	0	0	1	1	1
RNF32	0	0	0	0	1	0	0	0	0	1	1	1
RP1	0	0	0	0	1	0	0	0	0	1	1	1
RPGR	0	0	0	0	1	0	0	0	0	1	1	1
RPL7	0	0	0	0	1	0	0	0	0	1	1	1
RRAD	0	0	0	0	1	0	0	0	0	1	1	1
RRAGD	0	0	0	0	1	0	0	0	0	1	1	1
RSPH10B	0	0	0	0	1	0	0	0	0	1	1	1
RTL9	0	0	0	0	1	0	0	0	0	1	1	1
RTP4	0	0	0	0	1	0	0	0	0	1	1	1
RUFY3	0	0	0	0	1	0	0	0	0	1	1	1
RUNDC3B	0	0	0	0	1	0	0	0	0	1	1	1
RWDD3	0	0	0	0	1	0	0	0	0	1	1	1
SAMD14	0	0	1	0	0	0	0	0	0	1	1	1
SAMSN1	0	0	0	0	1	0	0	0	0	1	1	1
SARS2	0	0	0	0	1	0	0	0	0	1	1	1
SATL1	0	0	0	0	1	0	0	0	0	1	1	1
SBK1	0	0	0	0	1	0	0	0	0	1	1	1
SC5D	0	0	0	0	1	0	0	0	0	1	1	1
SCARA5	0	0	0	0	1	0	0	0	0	1	1	1
SCGB2A2	0	0	0	0	1	0	0	0	0	1	1	1
SCP2	0	0	0	0	1	0	0	0	0	1	1	1
SCPEP1	0	0	0	0	1	0	0	0	0	1	1	1
SCRIB	0	0	0	0	1	0	0	0	0	1	1	1
SDHA	0	0	0	0	1	0	0	0	0	1	1	1
SEC14L1	0	0	0	0	1	0	0	0	0	1	1	1
SEC24A	0	0	1	0	0	0	0	0	0	1	1	1
SECISBP2L	0	0	0	0	1	0	0	0	0	1	1	1
SEL1L3	0	0	0	0	1	0	0	0	0	1	1	1
SEMA3D	0	0	0	0	1	0	0	0	0	1	1	1
SEMA6A	0	0	0	0	1	0	0	0	0	1	1	1
SEMA6C	0	0	0	0	0	1	0	0	0	1	1	1
SERPINA1	0	0	0	0	1	0	0	0	0	1	1	1
SERPINA7	0	0	0	0	0	1	0	0	0	1	1	1
SETD1A	0	0	0	0	1	0	0	0	0	1	1	1
SETD1B	0	0	0	0	1	0	0	0	0	1	1	1
SGCB	0	0	0	0	1	0	0	0	0	1	1	1
SGCD	0	0	0	0	1	0	0	0	0	1	1	1
SGMS1	0	0	0	0	0	1	0	0	0	1	1	1
SGO1	0	0	0	1	0	0	0	0	0	1	1	1
SH2D7	0	0	0	0	1	0	0	0	0	1	1	1
SHH	0	0	0	0	1	0	0	0	0	1	1	1
SHLD2	0	0	0	0	1	0	0	0	0	1	1	1
SHROOM1	0	0	0	0	1	0	0	0	0	1	1	1
SHROOM2	0	0	0	0	1	0	0	0	0	1	1	1
SIAH1	0	0	0	0	1	0	0	0	0	1	1	1
SIAH2	0	0	0	0	0	0	0	0	1	1	1	1
SIGIRR	0	0	0	0	1	0	0	0	0	1	1	1
SIM1	0	0	0	0	0	1	0	0	0	1	1	1
SIRPB2	0	0	0	0	1	0	0	0	0	1	1	1
SIRT5	0	0	0	0	1	0	0	0	0	1	1	1
SKAP2	0	0	0	0	1	0	0	0	0	1	1	1
SLAIN1	0	0	0	0	1	0	0	0	0	1	1	1
SLC10A3	0	0	0	0	1	0	0	0	0	1	1	1
SLC13A2	0	0	0	0	1	0	0	0	0	1	1	1
SLC13A3	0	0	0	0	1	0	0	0	0	1	1	1
SLC15A1	0	0	0	0	1	0	0	0	0	1	1	1
SLC15A5	0	0	0	0	1	0	0	0	0	1	1	1
SLC1A5	0	0	0	0	0	0	1	0	0	1	1	1
SLC22A13	0	0	0	0	1	0	0	0	0	1	1	1
SLC25A13	0	0	0	0	1	0	0	0	0	1	1	1
SLC25A33	0	0	0	0	1	0	0	0	0	1	1	1
SLC26A2	0	0	0	0	1	0	0	0	0	1	1	1
SLC26A5	0	0	0	0	1	0	0	0	0	1	1	1
SLC28A3	0	0	0	0	1	0	0	0	0	1	1	1
SLC29A3	0	0	0	0	1	0	0	0	0	1	1	1
SLC30A3	0	0	0	0	1	0	0	0	0	1	1	1
SLC35C2	0	0	0	0	1	0	0	0	0	1	1	1
SLC35E3	0	0	0	0	1	0	0	0	0	1	1	1
SLC35G1	0	0	0	0	1	0	0	0	0	1	1	1
SLC35G2	0	0	0	0	1	0	0	0	0	1	1	1
SLC37A1	0	0	0	0	1	0	0	0	0	1	1	1
SLC45A4	0	0	0	0	1	0	0	0	0	1	1	1
SLC49A3	0	0	0	0	1	0	0	0	0	1	1	1
SLC4A1AP	0	0	0	0	1	0	0	0	0	1	1	1
SLC5A9	0	0	0	0	0	1	0	0	0	1	1	1
SLC7A5	0	0	0	0	1	0	0	0	0	1	1	1
SLC8B1	0	0	0	0	1	0	0	0	0	1	1	1
SLCO5A1	0	0	0	0	0	1	0	0	0	1	1	1
SLF2	0	0	0	0	1	0	0	0	0	1	1	1
SLMAP	0	0	0	0	1	0	0	0	0	1	1	1
SMARCA2	0	0	0	0	1	0	0	0	0	1	1	1
SMARCD3	0	0	0	0	0	1	0	0	0	1	1	1
SMCHD1	0	0	0	0	1	0	0	0	0	1	1	1
SMG1	0	0	0	0	1	0	0	0	0	1	1	1
SMG6	0	0	0	0	1	0	0	0	0	1	1	1
SMTNL2	0	0	0	0	1	0	0	0	0	1	1	1
SNAPC1	1	0	0	0	0	0	0	0	0	1	1	1
SNTB2	0	0	1	0	0	0	0	0	0	1	1	1
SNX13	0	0	0	0	1	0	0	0	0	1	1	1
SNX20	0	0	0	0	1	0	0	0	0	1	1	1
SOGA1	0	0	0	0	1	0	0	0	0	1	1	1
SOS1	0	0	0	0	1	0	0	0	0	1	1	1
SP1	0	0	0	0	1	0	0	0	0	1	1	1
SP6	0	0	0	0	1	0	0	0	0	1	1	1
SPACA1	0	0	0	0	1	0	0	0	0	1	1	1
SPAG1	0	0	0	0	1	0	0	0	0	1	1	1
SPAG6	0	0	0	0	1	0	0	0	0	1	1	1
SPANXN3	0	0	0	0	1	0	0	0	0	1	1	1
SPATA1	0	0	0	0	1	0	0	0	0	1	1	1
SPATS2	0	0	0	0	1	0	0	0	0	1	1	1
SPATS2L	0	0	0	0	1	0	0	0	0	1	1	1
SPEF2	0	0	0	0	1	0	0	0	0	1	1	1
SPIN1	0	0	0	0	1	0	0	0	0	1	1	1
SPINK2	0	0	0	0	1	0	0	0	0	1	1	1
SPRTN	0	0	0	0	0	1	0	0	0	1	1	1
SPSB2	0	0	0	0	1	0	0	0	0	1	1	1
SPTB	0	0	0	0	1	0	0	0	0	1	1	1
SRM	0	1	0	0	0	0	0	0	0	1	1	1
SRP68	0	0	0	0	0	1	0	0	0	1	1	1
SRPK2	0	0	0	0	1	0	0	0	0	1	1	1
SRXN1	0	0	0	0	1	0	0	0	0	1	1	1
ST6GAL2	0	1	0	0	0	0	0	0	0	1	1	1
ST6GALNAC3	0	0	0	0	0	1	0	0	0	1	1	1
STAT5B	0	0	0	0	1	0	0	0	0	1	1	1
STEAP1	0	0	0	0	1	0	0	0	0	1	1	1
STEAP2	0	0	0	0	1	0	0	0	0	1	1	1
STK17A	0	0	0	0	1	0	0	0	0	1	1	1
STON1	0	0	0	0	1	0	0	0	0	1	1	1
STX18	0	0	0	0	1	0	0	0	0	1	1	1
STX3	0	0	0	0	1	0	0	0	0	1	1	1
STXBP5	0	0	0	0	1	0	0	0	0	1	1	1
SULT1A1	0	0	0	0	1	0	0	0	0	1	1	1
SULT1A2	0	0	0	0	1	0	0	0	0	1	1	1
SUN3	0	0	0	0	1	0	0	0	0	1	1	1
SUPT20HL2	0	0	0	0	1	0	0	0	0	1	1	1
SUSD1	0	0	0	0	1	0	0	0	0	1	1	1
SYMPK	0	1	0	0	0	0	0	0	0	1	1	1
SYNE3	0	0	0	0	1	0	0	0	0	1	1	1
SYNPO2	0	0	0	0	1	0	0	0	0	1	1	1
SYT7	0	0	0	0	1	0	0	0	0	1	1	1
TAL1	0	0	0	0	1	0	0	0	0	1	1	1
TANGO2	0	0	0	0	1	0	0	0	0	1	1	1
TAP1	0	0	0	0	1	0	0	0	0	1	1	1
TARS3	0	0	0	0	0	1	0	0	0	1	1	1
TARSL2	0	0	0	0	0	1	0	0	0	1	1	1
TAS1R3	0	0	0	0	1	0	0	0	0	1	1	1
TASOR2	0	0	0	0	1	0	0	0	0	1	1	1
TBC1D25	0	0	0	0	1	0	0	0	0	1	1	1
TBC1D5	0	0	0	0	1	0	0	0	0	1	1	1
TBXAS1	0	0	0	0	1	0	0	0	0	1	1	1
TCEAL3	0	0	0	0	1	0	0	0	0	1	1	1
TCF20	0	0	0	0	1	0	0	0	0	1	1	1
TCTEX1D1	0	0	0	0	1	0	0	0	0	1	1	1
TDP1	1	0	0	0	0	0	0	0	0	1	1	1
TDRD12	0	0	0	0	1	0	0	0	0	1	1	1
TDRD5	0	0	0	0	1	0	0	0	0	1	1	1
TECR	0	0	0	0	1	0	0	0	0	1	1	1
TENM1	0	0	0	1	0	0	0	0	0	1	1	1
TENT4A	0	0	0	0	1	0	0	0	0	1	1	1
TENT5D	0	0	0	0	1	0	0	0	0	1	1	1
TET1	0	0	0	0	1	0	0	0	0	1	1	1
TEX55	0	0	0	0	1	0	0	0	0	1	1	1
TG	0	0	0	0	1	0	0	0	0	1	1	1
TGM6	0	0	0	0	1	0	0	0	0	1	1	1
TH	0	0	0	0	1	0	0	0	0	1	1	1
THAP12	0	0	0	0	1	0	0	0	0	1	1	1
THNSL2	0	0	0	0	1	0	0	0	0	1	1	1
TIAM2	0	0	0	0	1	0	0	0	0	1	1	1
TIE1	0	0	0	0	1	0	0	0	0	1	1	1
TKT	0	0	0	0	1	0	0	0	0	1	1	1
TLCD3B	0	0	0	0	1	0	0	0	0	1	1	1
TLE6	0	0	0	0	1	0	0	0	0	1	1	1
TLK1	0	0	0	0	1	0	0	0	0	1	1	1
TLR1	0	0	0	0	1	0	0	0	0	1	1	1
TLR7	0	0	0	0	1	0	0	0	0	1	1	1
TMC6	0	0	0	0	1	0	0	0	0	1	1	1
TMEM106B	0	0	0	0	1	0	0	0	0	1	1	1
TMEM131	0	0	0	0	0	1	0	0	0	1	1	1
TMEM14A	0	1	0	0	0	0	0	0	0	1	1	1
TMEM156	0	0	0	0	1	0	0	0	0	1	1	1
TMEM210	0	0	0	0	1	0	0	0	0	1	1	1
TMEM217	0	0	0	0	1	0	0	0	0	1	1	1
TMEM232	0	0	0	0	1	0	0	0	0	1	1	1
TMEM245	0	0	0	0	1	0	0	0	0	1	1	1
TMEM246	0	0	0	0	1	0	0	0	0	1	1	1
TMEM248	0	0	0	0	1	0	0	0	0	1	1	1
TMEM260	0	0	0	0	1	0	0	0	0	1	1	1
TMEM45B	0	0	0	0	0	1	0	0	0	1	1	1
TMEM71	0	0	0	0	0	1	0	0	0	1	1	1
TMEM8A	0	0	0	0	1	0	0	0	0	1	1	1
TMUB1	0	0	0	0	1	0	0	0	0	1	1	1
TNC	0	0	0	0	1	0	0	0	0	1	1	1
TNIK	0	0	0	0	1	0	0	0	0	1	1	1
TNIP3	0	0	0	0	1	0	0	0	0	1	1	1
TNN	0	0	0	0	1	0	0	0	0	1	1	1
TNNC1	0	0	0	0	1	0	0	0	0	1	1	1
TNRC18	0	0	0	0	1	0	0	0	0	1	1	1
TNS2	0	0	0	0	1	0	0	0	0	1	1	1
TOMM20	0	0	0	0	1	0	0	0	0	1	1	1
TPGS1	0	0	0	0	1	0	0	0	0	1	1	1
TPM4	0	0	0	0	1	0	0	0	0	1	1	1
TRAM1L1	0	0	0	0	1	0	0	0	0	1	1	1
TRAPPC12	0	0	0	0	1	0	0	0	0	1	1	1
TRDN	0	0	0	0	0	0	0	1	0	1	1	1
TRHDE	0	0	0	0	1	0	0	0	0	1	1	1
TRIM27	1	0	0	0	0	0	0	0	0	1	1	1
TRIM60	0	0	0	0	1	0	0	0	0	1	1	1
TRIM9	0	0	0	0	1	0	0	0	0	1	1	1
TRIO	0	0	0	0	1	0	0	0	0	1	1	1
TRMT9B	0	0	0	0	1	0	0	0	0	1	1	1
TRPM6	0	0	0	0	1	0	0	0	0	1	1	1
TSC2	0	0	0	0	1	0	0	0	0	1	1	1
TSKS	0	0	0	0	0	0	1	0	0	1	1	1
TSPYL2	0	0	0	0	1	0	0	0	0	1	1	1
TTC26	0	0	0	0	1	0	0	0	0	1	1	1
TTC28	0	0	0	0	1	0	0	0	0	1	1	1
TTC8	0	0	0	0	0	0	0	0	1	1	1	1
TTC9	0	0	0	0	1	0	0	0	0	1	1	1
TTYH2	0	0	0	0	1	0	0	0	0	1	1	1
TUBA3C	0	0	0	0	1	0	0	0	0	1	1	1
TUBB	0	0	0	0	1	0	0	0	0	1	1	1
TWF2	0	0	0	0	1	0	0	0	0	1	1	1
TWIST1	1	0	0	0	0	0	0	0	0	1	1	1
TXNDC11	0	0	0	0	1	0	0	0	0	1	1	1
UBAC1	0	0	0	0	1	0	0	0	0	1	1	1
UBAP2L	0	0	0	0	1	0	0	0	0	1	1	1
UBE3A	0	0	0	0	0	1	0	0	0	1	1	1
UBR3	0	0	0	0	0	1	0	0	0	1	1	1
UBR4	0	0	0	0	1	0	0	0	0	1	1	1
UGT1A1	0	0	0	0	1	0	0	0	0	1	1	1
UGT3A2	0	0	0	0	1	0	0	0	0	1	1	1
UNC13C	0	0	0	0	1	0	0	0	0	1	1	1
UNC13D	0	0	0	0	1	0	0	0	0	1	1	1
UNC5D	0	0	0	0	1	0	0	0	0	1	1	1
UNC79	0	0	0	0	1	0	0	0	0	1	1	1
UNG	0	0	0	0	1	0	0	0	0	1	1	1
UPF3A	0	0	0	0	1	0	0	0	0	1	1	1
UPK1B	0	0	0	0	1	0	0	0	0	1	1	1
USP12	0	0	0	0	1	0	0	0	0	1	1	1
USP17L20	0	0	0	0	1	0	0	0	0	1	1	1
USP29	0	0	0	0	1	0	0	0	0	1	1	1
USP44	0	0	0	0	0	1	0	0	0	1	1	1
USP6	0	0	0	0	1	0	0	0	0	1	1	1
USP6NL	0	0	0	0	1	0	0	0	0	1	1	1
USP7	0	0	0	0	1	0	0	0	0	1	1	1
UXS1	0	0	0	0	1	0	0	0	0	1	1	1
VCPIP1	0	0	0	0	1	0	0	0	0	1	1	1
VEPH1	0	0	0	0	1	0	0	0	0	1	1	1
VN1R2	0	0	0	0	1	0	0	0	0	1	1	1
VPS13A	0	0	0	0	1	0	0	0	0	1	1	1
VPS52	0	0	0	0	1	0	0	0	0	1	1	1
VPS54	0	0	0	0	1	0	0	0	0	1	1	1
VSTM2A	0	0	0	0	1	0	0	0	0	1	1	1
VTN	0	0	0	0	1	0	0	0	0	1	1	1
VWA7	0	0	0	0	1	0	0	0	0	1	1	1
WASHC4	0	0	0	0	1	0	0	0	0	1	1	1
WDFY4	0	0	0	0	1	0	0	0	0	1	1	1
WDR17	0	0	0	0	1	0	0	0	0	1	1	1
WDR25	0	0	0	0	1	0	0	0	0	1	1	1
WDR4	0	0	0	0	1	0	0	0	0	1	1	1
WDR49	0	0	0	0	1	0	0	0	0	1	1	1
WDR5	0	0	0	0	1	0	0	0	0	1	1	1
WDR6	0	0	0	0	1	0	0	0	0	1	1	1
WDR72	0	0	0	0	1	0	0	0	0	1	1	1
WDR78	0	0	0	0	1	0	0	0	0	1	1	1
WDR90	1	0	0	0	0	0	0	0	0	1	1	1
WDR97	0	0	0	0	1	0	0	0	0	1	1	1
WEE1	0	0	0	0	1	0	0	0	0	1	1	1
WFDC3	0	0	0	0	0	0	0	1	0	1	1	1
WNK4	0	0	0	0	0	1	0	0	0	1	1	1
WNT5B	0	0	0	0	1	0	0	0	0	1	1	1
WRAP53	0	1	0	0	0	0	0	0	0	1	1	1
WWTR1	0	0	0	0	1	0	0	0	0	1	1	1
XIRP2	0	0	0	0	1	0	0	0	0	1	1	1
XPO1	0	0	0	0	1	0	0	0	0	1	1	1
XRCC6	0	0	0	0	1	0	0	0	0	1	1	1
YPEL2	0	0	0	0	1	0	0	0	0	1	1	1
ZADH2	0	0	0	0	1	0	0	0	0	1	1	1
ZAR1	0	0	0	0	1	0	0	0	0	1	1	1
ZBED1	0	0	0	0	1	0	0	0	0	1	1	1
ZBED9	0	0	0	0	1	0	0	0	0	1	1	1
ZBTB4	0	0	0	0	1	0	0	0	0	1	1	1
ZCCHC14	0	0	0	0	1	0	0	0	0	1	1	1
ZFP28	0	0	0	0	0	1	0	0	0	1	1	1
ZFR	0	0	0	0	1	0	0	0	0	1	1	1
ZFX	0	0	0	0	1	0	0	0	0	1	1	1
ZMYM2	0	0	0	0	0	1	0	0	0	1	1	1
ZNF106	0	0	0	1	0	0	0	0	0	1	1	1
ZNF208	1	0	0	0	0	0	0	0	0	1	1	1
ZNF212	0	0	0	0	1	0	0	0	0	1	1	1
ZNF225	0	0	0	0	1	0	0	0	0	1	1	1
ZNF230	0	0	0	0	0	1	0	0	0	1	1	1
ZNF267	0	0	0	0	1	0	0	0	0	1	1	1
ZNF316	0	0	0	0	1	0	0	0	0	1	1	1
ZNF337	0	0	0	0	1	0	0	0	0	1	1	1
ZNF343	0	0	0	0	1	0	0	0	0	1	1	1
ZNF426	0	0	0	0	1	0	0	0	0	1	1	1
ZNF43	0	0	0	0	1	0	0	0	0	1	1	1
ZNF438	0	0	0	0	1	0	0	0	0	1	1	1
ZNF479	0	0	0	0	1	0	0	0	0	1	1	1
ZNF492	0	0	0	0	1	0	0	0	0	1	1	1
ZNF519	0	0	0	0	1	0	0	0	0	1	1	1
ZNF532	0	0	0	0	1	0	0	0	0	1	1	1
ZNF578	0	0	1	0	0	0	0	0	0	1	1	1
ZNF579	0	0	0	0	1	0	0	0	0	1	1	1
ZNF585B	0	0	0	0	0	1	0	0	0	1	1	1
ZNF586	0	0	0	0	1	0	0	0	0	1	1	1
ZNF613	0	0	0	0	1	0	0	0	0	1	1	1
ZNF628	0	0	0	0	1	0	0	0	0	1	1	1
ZNF638	1	0	0	0	0	0	0	0	0	1	1	1
ZNF676	0	0	0	0	1	0	0	0	0	1	1	1
ZNF689	0	0	0	0	1	0	0	0	0	1	1	1
ZNF703	0	0	1	0	0	0	0	0	0	1	1	1
ZNF776	0	0	0	0	0	1	0	0	0	1	1	1
ZNF816	0	0	0	0	1	0	0	0	0	1	1	1
ZNF831	0	0	0	0	1	0	0	0	0	1	1	1
ZNF836	0	0	0	0	1	0	0	0	0	1	1	1
ZNF837	0	0	0	0	1	0	0	0	0	1	1	1
ZNF862	1	0	0	0	0	0	0	0	0	1	1	1
ZNF875	0	0	0	0	1	0	0	0	0	1	1	1
ZNF98	0	0	0	0	1	0	0	0	0	1	1	1
ZNF99	0	0	0	0	0	1	0	0	0	1	1	1
ZNFX1	0	1	0	0	0	0	0	0	0	1	1	1
ZP1	0	0	0	0	1	0	0	0	0	1	1	1
ZP3	0	0	0	0	1	0	0	0	0	1	1	1
ZSCAN18	0	0	0	0	1	0	0	0	0	1	1	1
ZSCAN2	0	0	0	0	1	0	0	0	0	1	1	1
ZSWIM5	1	0	0	0	0	0	0	0	0	1	1	1
ZSWIM9	0	0	1	0	0	0	0	0	0	1	1	1
ZZEF1	0	0	0	0	1	0	0	0	0	1	1	1
