gene_name	n_syn	n_mis	n_non	n_spl	n_ind	wmis_cv	wnon_cv	wspl_cv	wind_cv	pmis_cv	ptrunc_cv	pallsubs_cv	pind_cv	qmis_cv	qtrunc_cv	qallsubs_cv	qind_cv	pglobal_cv	qglobal_cv	wall_cv	sd
TP53	0	2	1	0	2	3086.61060587056	14007.9086647357	14007.9086647357	8776.23434856176	1.60670653467365e-05	3.55577085893177e-05	7.84033713918664e-06	4.67623976815393e-05	0.282764283037216	0.625780113463403	0.137982093312546	0.753515343834393	8.33234270469774e-09	0.000146640899259975	85.4725963530315	77.2252391678305
KRAS	0	0	0	0	1	0	0	0	9099.56929824562	0.980692913786236	0.99374293133505	0.999676477676729	8.5631609049877e-05	0.991731327682905	0.999916937218764	0.999963603638812	0.753515343834393	0.000887351219912236	0.999999999337644	0	0
FAT1	3	0	0	0	1	0	0	0	376.752705745624	0.0835848753434645	0.514552259637223	0.201841480016483	0.000493346463693398	0.991731327682905	0.999916937218764	0.999963603638812	1	0.00101714435829925	0.999999999337644	0	0
KMT2D	0	0	0	0	2	0	0	0	624.383592151198	0.896342570397309	0.962145677605547	0.99043295357067	0.000355948372058623	0.991731327682905	0.999916937218764	0.999963603638812	1	0.00315537897427298	0.999999999337644	0	0
CSMD3	0	2	1	0	0	358.792232221315	1572.66737919764	1572.66737919764	0	0.000456649955812738	0.000361315605255985	0.000485391657436551	1	0.991731327682905	0.999916937218764	0.999963603638812	1	0.00418919912995874	0.999999999337644	9.65729805709478	8.58339347940777
CTNND2	0	0	1	0	0	0	5221.31117836777	5221.31117836777	0	0.949092299157518	0.000100814474909283	0.000519453346669918	1	0.991731327682905	0.878993805927887	0.999963603638812	1	0.00444794060217735	0.999999999337644	26.1065558918388	36.9202454090897
NOTCH1	0	0	1	0	0	0	3593.38192286767	3593.38192286767	0	0.925621222954786	0.000149837003112885	0.00075297014247544	1	0.991731327682905	0.878993805927887	0.999963603638812	1	0.0061679436142662	0.999999999337644	17.9669096143384	25.4090472505289
PTPRB	0	2	0	0	0	663.163324284413	0	0	0	0.000183198020853315	0.978577187076659	0.000868019650508978	1	0.991731327682905	0.999916937218764	0.999963603638812	1	0.0069869472784686	0.999999999337644	3.31581662142206	4.68927283635722
PTEN	0	1	0	0	0	1513.66359436018	0	0	0	0.000376390684952543	0.989613482275281	0.00179449148070443	1	0.991731327682905	0.999916937218764	0.999963603638812	1	0.0131411213988455	0.999999999337644	7.56831797180089	10.7032179200729
ZNF479	0	1	0	0	0	1158.54327455972	0	0	0	0.000501100962087553	0.989686405189958	0.00234407268758552	1	0.991731327682905	0.999916937218764	0.999963603638812	1	0.0165394613659957	0.999999999337644	5.79271637279861	8.19213805739248
HGF	0	1	0	0	0	795.988996908362	0	0	0	0.000749748420227125	0.986418671175168	0.00341019247777552	1	0.991731327682905	0.999916937218764	0.999963603638812	1	0.0227834500570965	0.999999999337644	3.97994498454181	5.62849217463781
CREBBP	0	1	0	0	0	267.862522932413	0	0	0	0.00243551796830033	0.975643798016075	0.0101055227729261	1	0.991731327682905	0.999916937218764	0.999963603638812	1	0.0565370973829917	0.999999999337644	1.33931261466206	1.89407406391246
CNTNAP2	2	0	0	0	0	0	0	0	0	0.33412408725307	0.740103936365876	0.605730478935396	1	0.991731327682905	0.999916937218764	0.999963603638812	1	0.909395371118786	0.999999999337644	0	0
ATM	1	0	0	0	0	0	0	0	0	0.924262896303574	0.970357566725217	0.994804404290354	1	0.991731327682905	0.999916937218764	0.999963603638812	1	0.999986479456526	0.999999999337644	0	0
MGA	0	0	0	0	0	0	0	0	0	0.924900052246723	0.972121593724628	0.994959303874815	1	0.991731327682905	0.999916937218764	0.999963603638812	1	0.999987274291137	0.999999999337644	0	0
APC	0	0	0	0	0	0	0	0	0	0.927221813819996	0.972690316412537	0.995253736427699	1	0.991731327682905	0.999916937218764	0.999963603638812	1	0.999988718628781	0.999999999337644	0	0
SETD2	0	0	0	0	0	0	0	0	0	0.928890138150101	0.972932068202643	0.995452704131073	1	0.991731327682905	0.999916937218764	0.999963603638812	1	0.99998964534299	0.999999999337644	0	0
NF1	0	0	0	0	0	0	0	0	0	0.929228734170994	0.973081491497237	0.995496775008334	1	0.991731327682905	0.999916937218764	0.999963603638812	1	0.999989845227798	0.999999999337644	0	0
ARID1A	1	0	0	0	0	0	0	0	0	0.930463264434729	0.976552524829016	0.995769721523259	1	0.991731327682905	0.999916937218764	0.999963603638812	1	0.999991039728264	0.999999999337644	0	0
PTPN13	0	0	0	0	0	0	0	0	0	0.932419779490225	0.972749508312355	0.99582967938659	1	0.991731327682905	0.999916937218764	0.999963603638812	1	0.999991292099649	0.999999999337644	0	0
EP300	0	0	0	0	0	0	0	0	0	0.932477247688304	0.973599994749912	0.995871496333069	1	0.991731327682905	0.999916937218764	0.999963603638812	1	0.99999146597639	0.999999999337644	0	0
SMARCA4	0	0	0	0	0	0	0	0	0	0.936667096727385	0.979573523947911	0.996521381796773	1	0.991731327682905	0.999916937218764	0.999963603638812	1	0.999993942579802	0.999999999337644	0	0
DICER1	0	0	0	0	0	0	0	0	0	0.938138710070523	0.977501842529418	0.996596542013614	1	0.991731327682905	0.999916937218764	0.999963603638812	1	0.999994201654989	0.999999999337644	0	0
PTPRD	0	0	0	0	0	0	0	0	0	0.938430873896829	0.979183426833815	0.99668192494655	1	0.991731327682905	0.999916937218764	0.999963603638812	1	0.99999448909039	0.999999999337644	0	0
CUX1	0	0	0	0	0	0	0	0	0	0.942275172518576	0.980303114598715	0.997077861677523	1	0.991731327682905	0.999916937218764	0.999963603638812	1	0.999995726389088	0.999999999337644	0	0
DROSHA	0	0	0	0	0	0	0	0	0	0.944194978788381	0.9791607729544	0.997212852245626	1	0.991731327682905	0.999916937218764	0.999963603638812	1	0.999996112290144	0.999999999337644	0	0
ARHGAP35	0	0	0	0	0	0	0	0	0	0.945177751792579	0.981428387309609	0.997368312594118	1	0.991731327682905	0.999916937218764	0.999963603638812	1	0.999996534068948	0.999999999337644	0	0
GRIN2A	0	0	0	0	0	0	0	0	0	0.945744654545736	0.985040469892338	0.997511815824491	1	0.991731327682905	0.999916937218764	0.999963603638812	1	0.999996901899139	0.999999999337644	0	0
PTPRT	1	0	0	0	0	0	0	0	0	0.948014491603311	0.981192714613388	0.997599486004975	1	0.991731327682905	0.999916937218764	0.999963603638812	1	0.999997116458028	0.999999999337644	0	0
ERBB4	0	0	0	0	0	0	0	0	0	0.948801937805727	0.981318858610502	0.997667034380018	1	0.991731327682905	0.999916937218764	0.999963603638812	1	0.999997276516953	0.999999999337644	0	0
TSC1	0	0	0	0	0	0	0	0	0	0.952048450227092	0.982826904066043	0.997962333459584	1	0.991731327682905	0.999916937218764	0.999963603638812	1	0.999997922546003	0.999999999337644	0	0
TERT	0	0	0	0	0	0	0	0	0	0.950946006302386	0.986901029280843	0.997974995809966	1	0.991731327682905	0.999916937218764	0.999963603638812	1	0.999997948293643	0.999999999337644	0	0
RASA1	0	0	0	0	0	0	0	0	0	0.95350771871364	0.983252443852623	0.998081932870791	1	0.991731327682905	0.999916937218764	0.999963603638812	1	0.999998159332026	0.999999999337644	0	0
RB1	0	0	0	0	0	0	0	0	0	0.954394749578672	0.983073674087105	0.998141395580215	1	0.991731327682905	0.999916937218764	0.999963603638812	1	0.999998271723746	0.999999999337644	0	0
RBM10	0	0	0	0	0	0	0	0	0	0.954341071138565	0.984062555540979	0.998163030907082	1	0.991731327682905	0.999916937218764	0.999963603638812	1	0.999998311738197	0.999999999337644	0	0
BCLAF1	0	0	0	0	0	0	0	0	0	0.956963679789623	0.982418563213002	0.998302563047259	1	0.991731327682905	0.999916937218764	0.999963603638812	1	0.999998558538068	0.999999999337644	0	0
EPHA3	0	0	0	0	0	0	0	0	0	0.956929376950573	0.984506303631368	0.998354401044316	1	0.991731327682905	0.999916937218764	0.999963603638812	1	0.999998645258714	0.999999999337644	0	0
BAP1	0	0	0	0	0	0	0	0	0	0.961211205938502	0.987069629059466	0.998686918283105	1	0.991731327682905	0.999916937218764	0.999963603638812	1	0.999999137530622	0.999999999337644	0	0
FBXW7	0	0	0	0	0	0	0	0	0	0.96268414780791	0.986347175278508	0.998759913602325	1	0.991731327682905	0.999916937218764	0.999963603638812	1	0.999999230774829	0.999999999337644	0	0
RAD21	0	0	0	0	0	0	0	0	0	0.96367466394723	0.984838397219922	0.998783103376095	1	0.991731327682905	0.999916937218764	0.999963603638812	1	0.999999259280783	0.999999999337644	0	0
CMTR2	0	0	0	0	0	0	0	0	0	0.962999105731439	0.987875221306141	0.998809205511597	1	0.991731327682905	0.999916937218764	0.999963603638812	1	0.999999290722653	0.999999999337644	0	0
KEAP1	0	0	0	0	0	0	0	0	0	0.963204184290435	0.988739984562469	0.998836960933198	1	0.991731327682905	0.999916937218764	0.999963603638812	1	0.999999323407713	0.999999999337644	0	0
NFE2L2	0	0	0	0	0	0	0	0	0	0.967143340327972	0.987254730880909	0.999024519547602	1	0.991731327682905	0.999916937218764	0.999963603638812	1	0.999999524064163	0.999999999337644	0	0
SMAD4	0	0	0	0	0	0	0	0	0	0.967632810528865	0.9883727152653	0.999070981129428	1	0.991731327682905	0.999916937218764	0.999963603638812	1	0.999999568328271	0.999999999337644	0	0
STK11	0	0	0	0	0	0	0	0	0	0.968868803446894	0.98982803340718	0.99915753015022	1	0.991731327682905	0.999916937218764	0.999963603638812	1	0.999999645022576	0.999999999337644	0	0
PTK6	0	0	0	0	0	0	0	0	0	0.969210057476682	0.990339074453817	0.999182083708769	1	0.991731327682905	0.999916937218764	0.999963603638812	1	0.999999665415237	0.999999999337644	0	0
MB21D2	0	0	0	0	0	0	0	0	0	0.969030243382653	0.991000759071591	0.999183050455795	1	0.991731327682905	0.999916937218764	0.999963603638812	1	0.999999666205811	0.999999999337644	0	0
FAM78B	0	0	0	0	0	0	0	0	0	0.976818256729623	0.993131673941446	0.999540867768611	1	0.991731327682905	0.999916937218764	0.999963603638812	1	0.999999894582662	0.999999999337644	0	0
B2M	0	0	0	0	0	0	0	0	0	0.985831618149731	0.995589959066989	0.999827060222354	1	0.991731327682905	0.999916937218764	0.999963603638812	1	0.999999985045054	0.999999999337644	0	0
